100
80
42 54 
11 78 
1 72 
47 67 
35 98 
28 4 
33 92 
35 12 
45 63 
28 9 
45 90 
3 28 
2 35 
33 19 
31 77 
49 73 
30 59 
2 30 
33 98 
48 67 
47 78 
23 81 
19 7 
42 13 
21 71 
23 66 
11 77 
45 14 
11 77 
34 92 
5 32 
16 34 
40 69 
15 24 
18 15 
43 64 
42 65 
45 12 
23 88 
26 44 
9 48 
11 19 
25 57 
34 35 
34 67 
28 90 
48 45 
24 39 
13 90 
13 30 
4 5 
46 95 
19 90 
8 43 
27 33 
38 35 
33 98 
5 9 
5 88 
45 40 
4 73 
29 51 
19 4 
42 34 
44 4 
15 49 
10 60 
46 80 
49 53 
22 78 
38 60 
14 22 
9 69 
30 15 
6 24 
6 62 
48 87 
14 69 
42 5 
2 87 