15000
10000
6703 23 
2568 81 
4338 1 
3999 37 
4032 30 
3584 25 
4626 18 
2047 77 
3381 14 
2961 74 
615 13 
7269 49 
5339 46 
4521 46 
4167 96 
1215 21 
5618 34 
901 7 
6135 52 
43 66 
6781 78 
2242 59 
6596 88 
635 76 
4753 96 
4549 68 
760 69 
6168 99 
1415 88 
1396 33 
4736 10 
6654 5 
4096 6 
3012 30 
2657 54 
5395 38 
5532 36 
3548 79 
3275 82 
4806 79 
6629 6 
3598 41 
2726 65 
4839 40 
4305 86 
7425 40 
6547 30 
3244 42 
4335 7 
5871 92 
7013 17 
281 44 
1604 28 
7374 30 
6861 79 
3109 90 
4236 6 
3582 61 
1471 72 
2453 75 
4857 77 
6166 55 
306 61 
5897 40 
5868 19 
2983 80 
5736 63 
1775 91 
5942 100 
2421 3 
4030 29 
2644 65 
3586 25 
225 56 
5996 77 
2182 4 
3905 99 
4958 10 
460 6 
202 79 
5325 36 
1910 12 
4151 84 
1102 92 
4183 74 
6746 12 
6754 89 
328 40 
6965 52 
6747 60 
3229 29 
6515 85 
7479 73 
2695 90 
6178 48 
4468 54 
2635 77 
5265 85 
1412 19 
1877 46 
92 22 
4009 46 
1863 36 
1037 27 
4888 83 
5639 68 
563 53 
5452 42 
7477 98 
7331 7 
97 99 
360 32 
2027 77 
2016 39 
2195 44 
6736 38 
2718 45 
483 80 
80 71 
4758 19 
654 48 
3286 16 
5253 90 
1757 29 
7087 88 
1587 36 
4738 47 
1267 16 
6423 34 
406 69 
4878 42 
1106 95 
1738 89 
3526 17 
811 35 
4488 64 
1383 73 
2680 35 
6714 88 
4363 53 
3727 2 
3688 16 
6748 6 
5432 22 
5939 89 
4490 68 
4330 95 
1114 67 
6035 91 
6736 46 
3126 23 
7161 8 
2847 40 
3642 61 
4480 56 
7213 6 
4157 52 
522 56 
6057 5 
6777 47 
1993 18 
5515 23 
713 80 
3741 99 
1471 28 
3796 96 
5550 57 
1603 49 
4648 96 
1809 27 
3451 73 
1185 8 
2624 6 
2363 80 
6510 92 
3378 2 
3109 92 
6176 73 
5724 69 
7124 94 
3096 19 
4289 98 
6875 43 
7246 75 
1338 6 
4501 40 
778 85 
3747 53 
6242 62 
3432 3 
4305 61 
3957 13 
7053 84 
1438 76 
2752 61 
3821 100 
4479 61 
4697 6 
3055 42 
5580 92 
3699 32 
6883 76 
5969 82 
6728 62 
6943 11 
165 47 
7171 21 
2511 75 
4456 48 
2202 8 
3860 22 
4407 39 
4334 55 
2396 88 
3748 27 
3131 46 
758 14 
4421 78 
4495 100 
1640 89 
4010 4 
5387 32 
4776 97 
607 31 
3197 60 
290 56 
182 96 
6746 67 
4002 41 
3255 49 
967 85 
194 77 
1398 66 
6154 44 
5965 93 
32 26 
948 18 
3858 75 
4667 16 
6306 63 
4975 95 
6270 8 
2643 16 
7375 44 
6008 29 
5745 27 
865 38 
6403 63 
756 8 
7006 20 
3053 90 
546 100 
3807 55 
1075 73 
6570 32 
187 44 
4178 57 
6904 20 
3324 78 
4816 31 
1258 60 
157 22 
349 11 
3236 4 
1819 42 
6676 71 
7483 21 
222 89 
1827 48 
3614 96 
6379 52 
3791 57 
1608 94 
1228 83 
2471 43 
5614 80 
454 22 
4702 55 
1385 37 
758 55 
2030 85 
5777 12 
4857 98 
4653 83 
4998 18 
78 76 
2269 21 
5784 77 
5914 12 
6511 37 
4406 24 
2316 60 
598 69 
3366 34 
6306 75 
2888 35 
1760 64 
1699 16 
6013 51 
5799 10 
4820 28 
6238 88 
6300 21 
2316 14 
2884 27 
3302 90 
4802 69 
3501 99 
2838 66 
5084 95 
2340 71 
1329 99 
486 79 
3215 51 
7081 65 
212 100 
3944 49 
3988 44 
2322 3 
6309 5 
6481 10 
4994 83 
5430 94 
533 67 
359 17 
113 51 
4939 94 
5649 25 
2172 15 
3275 53 
579 86 
5004 75 
1287 43 
6118 8 
5498 78 
1312 78 
4739 58 
760 68 
6151 45 
2287 62 
5761 99 
6912 99 
2692 12 
7475 16 
4127 49 
4320 57 
5587 23 
6931 73 
2166 100 
1832 63 
677 43 
3492 15 
7152 52 
6935 55 
3248 21 
2516 60 
2971 79 
2410 63 
4690 85 
730 68 
4485 49 
3725 71 
6871 7 
795 88 
5259 26 
550 35 
4621 42 
2702 24 
7145 36 
278 44 
2708 93 
2103 78 
2423 64 
2692 13 
5748 21 
6132 85 
7321 56 
3007 92 
3215 2 
5931 73 
5279 33 
5759 51 
726 12 
4375 70 
1947 52 
965 6 
6297 67 
536 71 
6430 27 
6035 30 
5500 67 
5114 20 
5874 72 
3363 88 
3273 94 
1412 4 
7126 23 
6 3 
5834 80 
7072 33 
384 88 
2638 32 
1306 73 
5602 87 
5252 37 
2616 3 
155 81 
6274 28 
6053 37 
116 77 
2782 79 
6932 59 
6401 38 
461 35 
2669 84 
3867 52 
5771 56 
7435 76 
7381 89 
5014 32 
7377 82 
6086 31 
5562 59 
6058 66 
6995 25 
2495 28 
5404 26 
2386 56 
1363 46 
390 32 
581 8 
5935 3 
964 70 
3630 96 
1610 44 
4827 86 
125 12 
1516 38 
7122 25 
4 17 
3950 50 
244 5 
3275 82 
3860 90 
3179 2 
21 60 
5061 7 
1462 76 
2028 44 
4571 37 
5087 49 
5122 11 
3012 89 
1100 34 
4414 3 
602 15 
1304 97 
419 79 
1178 30 
568 57 
5083 40 
6968 96 
4246 81 
6371 74 
3724 94 
1262 62 
3042 84 
5372 6 
4372 24 
39 37 
6426 40 
7351 82 
336 21 
3660 66 
2251 79 
3574 85 
2518 93 
180 63 
1673 3 
4388 49 
196 50 
4410 37 
3385 34 
6994 8 
6457 32 
6745 34 
6523 95 
3315 11 
5716 26 
6076 18 
1404 1 
4354 21 
2893 34 
2036 17 
2436 75 
165 31 
2276 27 
4719 60 
3412 13 
3620 20 
2596 64 
5453 71 
810 20 
6181 77 
4797 8 
3546 1 
3460 100 
1473 52 
3785 60 
2268 20 
6487 85 
202 62 
3563 72 
5774 74 
6836 93 
693 84 
3608 97 
1254 17 
3968 86 
1146 65 
1245 91 
6317 4 
5090 89 
3555 74 
1501 74 
6445 87 
4810 98 
1748 72 
622 73 
6697 57 
765 41 
740 24 
2590 45 
141 9 
7130 38 
6673 26 
4828 89 
4429 70 
4630 35 
1495 30 
2861 40 
6616 70 
4789 15 
7394 10 
6088 42 
4219 4 
3035 10 
1428 24 
4655 20 
3532 36 
557 57 
2862 36 
5897 42 
5505 26 
4329 100 
1655 89 
6291 22 
6210 31 
5689 3 
341 76 
2897 11 
1331 31 
7220 10 
2906 26 
881 89 
5214 89 
6845 27 
4525 42 
5568 29 
767 96 
880 74 
936 22 
7247 46 
953 35 
4600 45 
1062 96 
2407 93 
4778 26 
2854 83 
4204 35 
5472 69 
4023 68 
195 47 
1409 14 
2428 28 
5862 59 
1153 97 
681 99 
5294 85 
6334 94 
6981 95 
1241 87 
1139 19 
2864 93 
5053 19 
227 76 
6687 1 
5544 33 
3000 4 
2847 27 
5683 8 
6437 87 
6856 17 
6586 50 
6453 71 
5895 85 
3017 35 
5523 8 
4505 39 
7000 10 
5657 78 
2785 96 
1678 80 
1928 77 
4336 26 
1455 70 
4833 92 
7057 41 
6360 42 
6542 65 
1764 36 
1449 32 
3422 24 
6639 79 
5562 38 
6540 70 
3567 24 
6265 97 
356 45 
125 43 
3170 80 
4912 55 
823 68 
1247 34 
1961 88 
2698 24 
4075 99 
6208 48 
1322 46 
4478 83 
2836 17 
804 2 
4193 21 
2998 48 
5465 75 
590 86 
2406 1 
6840 28 
2469 86 
1761 81 
873 59 
5857 99 
7457 64 
2647 30 
2409 24 
7012 44 
3141 67 
2998 85 
5087 95 
3232 51 
6821 73 
1889 26 
7025 28 
4953 45 
666 66 
4126 90 
2524 82 
4189 32 
7045 87 
1461 5 
5310 24 
6049 2 
5342 46 
5986 29 
6392 69 
4831 13 
2093 19 
7438 18 
6799 43 
2462 64 
1808 87 
353 83 
420 41 
4514 64 
2727 26 
769 89 
3501 69 
5542 94 
7214 80 
3122 57 
2300 5 
3169 93 
6023 59 
6010 21 
5701 71 
5284 60 
6410 37 
2042 29 
1529 7 
5645 8 
1584 65 
2496 84 
3433 89 
4129 98 
1120 51 
6954 20 
6555 75 
312 29 
2285 73 
602 85 
4995 85 
6844 4 
2873 37 
2085 2 
5643 81 
6361 26 
4345 8 
3661 29 
7096 89 
1126 68 
6391 31 
2987 97 
7257 50 
726 41 
7322 27 
1377 16 
6063 72 
72 36 
7308 8 
4689 50 
88 49 
5175 84 
3756 87 
2412 3 
476 89 
1770 66 
671 8 
3663 28 
5757 40 
1320 30 
4566 97 
598 80 
1120 69 
3415 28 
528 55 
5229 67 
1855 56 
1602 62 
1942 65 
6665 69 
5253 86 
635 75 
3394 49 
4054 50 
5240 74 
4932 5 
6922 29 
3136 41 
5049 51 
1468 76 
4857 49 
3894 12 
7304 95 
2525 45 
859 89 
3014 63 
327 100 
2237 20 
4500 43 
4221 39 
3016 4 
3395 89 
6032 30 
1829 80 
4432 49 
507 41 
197 100 
6204 100 
1246 28 
596 4 
1769 61 
5918 95 
3812 7 
4666 11 
4649 38 
1901 16 
742 95 
304 25 
3177 32 
1705 60 
3132 11 
7100 28 
5463 3 
2179 8 
7031 27 
164 51 
4087 81 
2245 51 
4439 62 
6413 87 
5999 14 
602 92 
4960 5 
3717 36 
1889 73 
7096 20 
5335 47 
7200 97 
3850 78 
1357 32 
2356 20 
2382 95 
6452 26 
4545 91 
1739 57 
3829 89 
4270 31 
4681 82 
4187 49 
1217 27 
4021 64 
2447 7 
5211 46 
4004 12 
2875 12 
2643 31 
4583 24 
3025 34 
1001 21 
5776 91 
2377 5 
679 99 
5387 11 
6080 25 
2811 48 
5852 83 
5812 98 
6390 74 
1795 93 
2785 21 
5956 79 
1251 38 
654 27 
5423 6 
2047 99 
2096 76 
4655 74 
1274 41 
5837 53 
3465 47 
6000 16 
6830 63 
1465 19 
4388 11 
7463 24 
5632 70 
2802 34 
307 7 
1361 29 
2812 59 
779 7 
5534 33 
6533 59 
6825 21 
4363 90 
4867 15 
3457 48 
4877 74 
118 17 
5884 32 
6640 15 
3701 42 
2249 7 
3100 61 
1088 12 
3571 66 
2170 5 
7299 2 
6115 75 
3774 78 
764 93 
4692 73 
3040 20 
6846 10 
1536 81 
941 76 
6948 42 
1469 48 
7500 68 
3008 87 
2979 78 
1805 1 
7034 55 
4054 1 
5929 28 
7478 45 
320 69 
1117 11 
5588 14 
4220 76 
2246 61 
6651 93 
1154 19 
2240 5 
4038 99 
1092 69 
2029 48 
2369 14 
2202 22 
4914 30 
6749 91 
5026 20 
911 94 
631 51 
4307 50 
3826 5 
1362 28 
7097 15 
1298 89 
2520 35 
4787 63 
3703 15 
3062 71 
6081 63 
3845 94 
4744 45 
7237 70 
365 99 
6115 95 
4849 22 
4696 26 
7178 58 
705 74 
7424 2 
7462 95 
7337 1 
2609 91 
1767 70 
7314 47 
2284 58 
3841 80 
5602 29 
7001 18 
1927 15 
5812 28 
7388 60 
4505 65 
417 10 
5191 92 
7211 52 
487 99 
104 47 
790 71 
117 3 
2217 52 
3112 9 
7131 13 
7337 83 
4883 16 
3598 46 
6243 85 
3905 99 
1902 73 
7308 92 
2365 71 
4743 3 
4269 47 
3649 10 
5569 17 
4512 85 
2721 23 
5194 3 
188 82 
6686 22 
4497 83 
5967 91 
5119 72 
3042 20 
4396 49 
6611 12 
71 6 
7314 92 
6404 15 
7101 72 
3783 65 
4756 3 
1939 1 
206 26 
4035 43 
4899 83 
1025 66 
826 95 
4589 67 
4515 84 
5567 77 
7096 38 
5182 61 
1329 85 
575 81 
7408 10 
2745 16 
2212 84 
4816 69 
5661 2 
5863 60 
85 87 
5277 10 
4382 65 
3628 48 
3848 94 
2724 95 
6183 6 
556 63 
3342 82 
6144 50 
3191 40 
6765 55 
4923 32 
4375 36 
3134 38 
3847 70 
976 23 
1831 9 
3987 58 
4456 86 
6003 32 
1481 86 
6437 88 
2400 30 
869 43 
4379 12 
135 95 
7166 57 
4279 92 
5844 64 
5629 90 
833 5 
3812 15 
3313 98 
5824 21 
5836 26 
5152 68 
363 40 
7055 63 
4069 75 
2657 100 
2186 91 
1146 3 
6700 24 
3595 43 
4187 23 
6085 19 
7179 96 
5385 92 
1546 8 
964 81 
6886 15 
6048 48 
1554 54 
1362 74 
3728 19 
4273 14 
5661 19 
6616 12 
3342 10 
107 81 
3285 91 
2751 63 
7438 36 
4806 83 
4343 69 
215 80 
4383 14 
2328 88 
2067 89 
1762 47 
6559 86 
3060 72 
2804 27 
7283 98 
2589 89 
2730 73 
6079 80 
187 69 
6115 93 
6351 10 
2113 18 
4389 96 
1883 68 
2635 50 
609 96 
7448 19 
1782 7 
2090 37 
2885 73 
7286 73 
613 15 
2697 44 
495 84 
2912 61 
6728 62 
6122 40 
6031 11 
6687 14 
7430 22 
3215 38 
5069 62 
6557 2 
5020 46 
491 4 
1870 76 
4729 83 
1643 77 
526 89 
1660 37 
5301 39 
4050 23 
1079 33 
5785 17 
1846 14 
938 12 
6252 7 
7073 60 
3060 44 
4157 50 
2699 27 
3826 27 
1009 20 
6204 86 
5308 15 
3822 60 
5306 23 
5882 84 
655 66 
4352 52 
2380 90 
5263 83 
2648 87 
2994 7 
5982 50 
1757 81 
5676 34 
7459 36 
105 14 
5921 64 
3081 94 
6223 86 
6669 5 
6121 75 
122 72 
27 53 
7113 41 
1335 60 
6680 28 
6819 13 
2830 27 
5193 5 
3212 4 
5393 16 
1517 65 
79 49 
3759 1 
4334 79 
2257 6 
453 79 
4778 31 
3731 42 
2324 18 
5502 3 
745 72 
5515 26 
2450 60 
3431 61 
6063 23 
1476 31 
3987 6 
2380 97 
6706 65 
7227 63 
7371 80 
3841 100 
5862 23 
6741 85 
2840 94 
1039 37 
7265 6 
4862 14 
7465 92 
6726 79 
966 1 
2661 5 
7458 40 
1753 64 
1957 80 
6978 27 
511 70 
5326 72 
1092 66 
7057 32 
7012 95 
6368 28 
4852 29 
6694 16 
3373 19 
1046 38 
5472 7 
6994 29 
98 47 
4592 54 
2726 21 
2732 36 
5090 9 
959 82 
2827 15 
2613 38 
7462 80 
465 13 
4060 58 
981 32 
5577 78 
3122 100 
3436 15 
328 86 
3861 72 
3291 38 
6692 23 
25 82 
5431 84 
1815 57 
1498 27 
1946 11 
4758 11 
3976 69 
920 8 
101 48 
4685 22 
247 21 
4688 75 
1858 49 
4346 48 
6486 37 
2522 63 
6670 53 
6346 84 
61 43 
4262 7 
7006 71 
3269 81 
540 88 
7288 92 
2036 24 
1565 82 
2796 52 
1708 53 
7300 53 
2301 38 
942 22 
3000 63 
4126 97 
7447 39 
7391 60 
3897 96 
3431 65 
1728 22 
2704 67 
2313 91 
3691 77 
4725 86 
2628 32 
3639 80 
3837 91 
5269 30 
964 20 
2592 42 
316 38 
6980 6 
4450 76 
5954 80 
1892 81 
2053 47 
548 65 
5890 90 
7093 14 
2075 72 
897 65 
1203 85 
707 71 
7214 71 
4942 6 
5612 9 
3695 91 
4315 44 
7318 68 
7375 61 
1800 27 
2859 47 
5143 48 
5436 35 
3213 63 
5807 62 
3427 9 
6546 34 
4832 12 
4656 25 
6269 67 
5234 63 
6709 48 
1959 78 
3667 33 
4790 66 
2612 48 
6665 54 
1396 52 
3841 60 
1166 99 
6421 93 
6859 19 
78 42 
1930 85 
4167 98 
5203 100 
2012 63 
2799 70 
1140 65 
4655 81 
3282 18 
4928 98 
5223 75 
4750 63 
1135 15 
1413 7 
1859 72 
2077 88 
3813 6 
3224 79 
3555 26 
1230 19 
4188 28 
7240 79 
2992 94 
1459 74 
1863 39 
71 86 
2913 72 
1148 99 
939 61 
658 97 
2184 34 
2437 96 
5592 60 
5327 46 
5438 56 
6064 25 
3084 56 
5156 27 
1549 66 
2552 64 
3204 75 
1849 69 
3998 96 
367 36 
4408 76 
6585 43 
2610 21 
2791 1 
6032 17 
1198 69 
6024 14 
4946 59 
3269 1 
4238 69 
566 41 
5932 22 
7115 80 
90 13 
2128 8 
7400 87 
6684 84 
3330 93 
6856 20 
1345 40 
5588 42 
7060 63 
1155 5 
2274 23 
5957 11 
592 75 
4651 23 
496 18 
6803 85 
5582 82 
6244 81 
5668 27 
3317 97 
6071 24 
6468 15 
5763 55 
2457 23 
18 63 
2327 43 
6886 36 
153 77 
5010 55 
5351 5 
6772 5 
4941 5 
3786 84 
1686 54 
463 54 
2302 85 
5377 70 
4152 40 
4676 60 
314 45 
422 40 
4687 7 
2275 39 
6135 84 
7346 38 
4140 69 
6342 80 
1674 28 
4116 11 
3433 30 
6064 34 
166 40 
5855 17 
79 31 
2276 92 
6575 50 
1884 62 
208 10 
7452 95 
1646 97 
532 37 
4118 25 
6217 91 
7204 84 
501 36 
3965 64 
222 30 
3003 28 
947 34 
458 74 
1177 85 
3623 12 
998 83 
3774 49 
377 19 
7098 60 
1407 15 
5484 23 
857 88 
658 57 
823 22 
6772 96 
1252 26 
4824 50 
3059 33 
1975 88 
2517 50 
3851 14 
7132 24 
3315 60 
4394 64 
6119 1 
4330 2 
4775 86 
1789 33 
5394 64 
1406 65 
211 9 
5790 86 
1410 1 
519 85 
2140 87 
334 90 
4253 17 
6114 19 
5176 59 
682 46 
159 63 
6747 86 
400 88 
570 93 
203 75 
1809 13 
2336 98 
4299 45 
6650 69 
5981 89 
5555 66 
7279 7 
3982 44 
77 9 
5454 58 
3154 65 
3472 1 
750 71 
1140 19 
2163 42 
2145 23 
606 32 
2921 56 
7077 22 
7424 9 
2211 31 
2075 41 
5489 56 
5584 66 
6565 37 
5175 70 
501 47 
2322 2 
3869 61 
1420 84 
3654 17 
206 60 
5748 78 
6867 76 
2900 43 
1085 10 
2473 59 
5950 13 
566 85 
4878 82 
5273 5 
7052 26 
1403 73 
4727 71 
4186 99 
2654 39 
7415 60 
3450 14 
4837 17 
42 88 
959 26 
3049 83 
3136 98 
1595 1 
3234 25 
1035 7 
6729 86 
5632 31 
1310 10 
5901 95 
6708 7 
5834 74 
1618 83 
2488 6 
3451 29 
4394 61 
2506 42 
4395 93 
292 90 
7045 25 
3814 79 
3383 94 
16 66 
1376 26 
2076 28 
6820 83 
6034 53 
6757 51 
5788 96 
4309 90 
1976 2 
3851 81 
1143 45 
325 86 
5586 69 
3811 51 
6800 45 
2644 15 
6411 19 
640 38 
1499 60 
1120 32 
3964 28 
6535 51 
7323 43 
2841 50 
3396 43 
5130 38 
5139 6 
3676 25 
4175 38 
3975 74 
4882 71 
1640 44 
841 80 
2481 39 
2239 53 
1223 2 
532 57 
7305 7 
2451 97 
7356 46 
7039 38 
1735 77 
643 10 
6753 69 
4247 80 
5994 81 
50 34 
3124 42 
2413 57 
2081 3 
5761 55 
1056 92 
1263 60 
5498 13 
2356 6 
2058 46 
543 44 
4275 85 
554 27 
4854 52 
4458 99 
4132 7 
2332 8 
3101 96 
3064 33 
7098 76 
6187 54 
6467 49 
365 17 
3661 21 
6374 70 
2318 16 
7213 92 
6952 18 
1471 57 
2770 28 
5356 1 
1787 87 
5508 87 
2635 23 
271 32 
98 57 
1737 17 
5257 2 
85 17 
3674 58 
4838 43 
5873 2 
3935 24 
1372 57 
981 41 
2684 88 
2393 22 
4226 53 
7060 60 
5527 30 
1592 25 
6286 80 
2393 42 
4281 29 
4310 6 
286 99 
4149 10 
2753 35 
1685 24 
3691 17 
7116 26 
6704 8 
1048 30 
112 7 
2789 39 
6789 32 
2615 74 
4264 59 
968 96 
5187 29 
6702 72 
4628 2 
1833 80 
1636 17 
2855 78 
5034 70 
1903 89 
3329 2 
5370 41 
1261 59 
431 49 
2742 97 
6122 5 
5755 41 
6901 41 
2570 54 
264 97 
7155 96 
5928 42 
4464 82 
4319 97 
2603 73 
3938 31 
6875 7 
723 35 
1317 5 
1183 59 
1901 56 
2415 55 
3449 67 
2447 18 
4472 62 
4566 26 
3657 45 
3119 21 
3126 37 
1469 80 
5010 6 
3010 36 
7213 85 
3870 29 
2589 4 
3939 90 
1411 6 
3496 11 
5872 43 
2228 44 
4 45 
5821 13 
7489 40 
1985 66 
228 53 
6545 37 
211 7 
7324 75 
3491 45 
6155 79 
6448 46 
1920 11 
6651 16 
2921 74 
2710 1 
5569 65 
2145 42 
2929 34 
3033 13 
2951 60 
7218 96 
7349 28 
2902 72 
5054 44 
2217 8 
3822 16 
4005 42 
5578 55 
2509 51 
5881 18 
3851 1 
5634 95 
5542 63 
6980 26 
5975 31 
3186 44 
3278 86 
4471 79 
1557 76 
3922 25 
3436 95 
1493 40 
3688 70 
1947 96 
6920 27 
2765 70 
1979 51 
617 73 
813 48 
6298 39 
1378 35 
2683 55 
2720 5 
2185 29 
6881 58 
5753 16 
2905 45 
1607 92 
5667 53 
4140 86 
2731 56 
7208 10 
5506 76 
2434 18 
5623 31 
3309 53 
2066 91 
1859 85 
4495 96 
6765 27 
353 18 
4394 57 
3614 1 
1201 32 
905 40 
4570 88 
3595 29 
6049 53 
2304 82 
6770 78 
2212 30 
3982 29 
7420 93 
6766 67 
88 30 
5993 92 
2399 39 
1401 65 
6591 1 
5496 95 
6792 17 
2482 38 
4545 30 
2190 100 
2011 12 
4978 75 
1741 11 
5055 13 
5003 20 
3779 90 
1702 23 
4382 100 
1713 34 
316 3 
7234 64 
798 77 
6080 31 
7114 25 
2013 56 
176 75 
7319 53 
5949 59 
5464 56 
923 18 
5527 53 
6908 28 
4676 41 
2680 88 
7274 95 
6043 59 
6510 92 
3735 90 
322 100 
7066 34 
2855 41 
4061 73 
3746 61 
3084 61 
3716 6 
2378 43 
59 85 
322 86 
3277 1 
1325 50 
4848 67 
1408 9 
5558 42 
298 32 
6194 15 
5917 48 
5956 77 
3073 1 
3838 56 
1613 5 
1513 90 
6999 23 
4627 21 
4008 3 
1673 85 
3453 72 
4051 60 
581 61 
1354 78 
4544 47 
5945 60 
446 100 
4289 18 
5452 78 
1025 16 
5882 90 
2405 81 
1812 31 
4053 72 
7434 25 
208 38 
3597 10 
5949 77 
4070 2 
3906 65 
6200 2 
1777 98 
5601 65 
367 4 
4394 44 
819 75 
1633 76 
7007 96 
1606 59 
5819 91 
636 26 
2628 32 
1636 77 
7260 57 
7230 17 
4522 82 
3719 50 
2779 71 
3714 45 
3075 59 
3388 45 
2233 72 
4820 92 
5020 78 
3002 38 
5668 37 
1864 48 
368 51 
7076 79 
5759 5 
1496 32 
4086 14 
6781 16 
5884 46 
213 10 
1304 52 
1907 37 
6324 78 
2980 43 
3355 81 
6032 75 
2118 47 
6374 37 
1597 49 
6668 8 
4105 63 
339 43 
4728 20 
5258 63 
1465 70 
1125 69 
6774 31 
5157 49 
7460 88 
7143 67 
5468 74 
1393 37 
4921 66 
6626 69 
6214 93 
2928 70 
5307 67 
1212 34 
1738 70 
3348 2 
3291 72 
4822 16 
6354 30 
5864 14 
7169 6 
980 89 
3680 72 
2925 52 
1489 2 
4172 54 
5546 100 
723 52 
1718 35 
4737 55 
7256 37 
5508 46 
3908 82 
3314 14 
1863 77 
6779 32 
7183 58 
5520 14 
1481 96 
1017 21 
7050 40 
874 95 
2491 96 
7299 8 
2382 87 
6514 37 
2823 74 
4035 31 
5055 48 
7196 69 
1524 74 
7300 58 
5583 71 
1123 15 
3967 39 
235 16 
5031 8 
7462 21 
1555 60 
3081 37 
1999 94 
4925 21 
5467 59 
2903 73 
158 98 
142 34 
423 93 
591 5 
2964 14 
4419 82 
2704 5 
649 34 
4612 10 
6607 19 
6722 87 
307 20 
4280 31 
4892 99 
5542 95 
1823 99 
2892 16 
6232 67 
7109 75 
671 24 
6240 42 
7205 43 
7446 53 
529 10 
7314 35 
928 87 
1821 34 
6606 52 
5316 50 
4902 57 
3144 77 
408 87 
6392 39 
7053 100 
3665 24 
7423 4 
3017 79 
2699 62 
6331 27 
6371 45 
2861 50 
4031 33 
6235 89 
7336 51 
4838 38 
7407 33 
2814 14 
4219 5 
5805 24 
6557 69 
1699 31 
3225 15 
2662 23 
176 92 
1649 99 
6488 61 
4048 71 
5745 83 
2711 80 
5685 100 
1669 43 
5732 82 
4757 2 
5039 13 
3925 47 
2733 23 
7129 57 
2837 90 
4379 65 
2634 79 
6115 21 
7091 62 
2343 35 
4296 5 
2267 32 
2804 35 
5775 87 
7269 83 
41 59 
3795 65 
6605 27 
940 85 
3836 28 
7375 14 
3344 8 
4445 58 
2980 87 
3472 75 
7074 19 
579 40 
451 35 
4626 25 
2121 94 
607 61 
6904 53 
4978 60 
2279 69 
2445 14 
7396 19 
5680 40 
3678 76 
5197 9 
4362 20 
2183 87 
6639 14 
3478 89 
3848 4 
4665 20 
3849 71 
5833 5 
1023 10 
6964 53 
578 8 
7119 25 
3078 98 
1416 7 
5625 65 
3616 38 
5484 50 
4125 22 
6263 2 
4210 62 
7057 74 
6282 58 
5496 66 
4362 70 
6775 25 
23 4 
4585 41 
4380 62 
3790 96 
5769 14 
3760 36 
3251 43 
5385 27 
5217 100 
5181 26 
3313 89 
2152 46 
5846 47 
4411 59 
5517 37 
4236 91 
92 20 
2883 72 
333 72 
1619 53 
1085 30 
5688 87 
4824 25 
766 40 
4276 46 
3318 88 
2034 69 
7386 32 
4467 96 
7142 35 
5685 29 
5725 76 
4048 7 
1599 33 
6630 69 
685 66 
6298 73 
1105 22 
149 70 
6161 24 
315 30 
3363 100 
6298 48 
6783 17 
6396 25 
3451 80 
1653 28 
1707 53 
486 6 
285 68 
5374 21 
5033 24 
6193 37 
5497 41 
506 9 
2116 72 
3839 79 
872 88 
1226 6 
3604 73 
4282 7 
3552 35 
5286 59 
1839 71 
7416 75 
3090 41 
795 23 
6016 40 
5611 12 
3532 17 
7021 48 
4640 59 
2478 63 
4846 55 
3369 50 
1528 50 
5708 79 
4936 93 
1689 26 
615 56 
6600 5 
3449 47 
3179 64 
3438 89 
5976 69 
7405 96 
3968 97 
206 97 
259 51 
352 27 
4852 79 
3777 59 
5809 64 
5403 50 
5690 18 
5657 89 
1074 5 
2387 52 
3569 24 
5540 96 
4145 97 
5243 64 
193 48 
4761 51 
1850 64 
2930 2 
4694 58 
1112 54 
5621 67 
703 10 
3884 12 
1099 9 
6816 85 
560 36 
661 51 
1483 5 
599 25 
3120 43 
4672 80 
6446 22 
4343 75 
4575 88 
7432 38 
2242 52 
2404 96 
1862 39 
7007 12 
1447 75 
4148 58 
6910 60 
4661 93 
7316 59 
6469 36 
3754 41 
2167 99 
1514 10 
3425 40 
5749 8 
1977 90 
6611 33 
2286 24 
871 92 
1635 70 
6966 35 
2027 28 
794 39 
4972 10 
2150 40 
3545 3 
6432 11 
7453 97 
3572 77 
4236 21 
4436 65 
1162 46 
7149 47 
3370 19 
5239 56 
540 56 
990 19 
1283 36 
6957 54 
97 6 
1546 41 
8 77 
703 60 
7274 27 
2188 61 
3799 23 
6777 12 
2669 25 
7259 90 
5796 49 
1245 35 
7404 87 
253 39 
1722 10 
5144 18 
1315 89 
4310 75 
7166 64 
6486 91 
5842 26 
3 92 
6648 80 
4804 68 
4556 62 
5557 51 
910 54 
1686 65 
6740 90 
6055 61 
6851 99 
2778 18 
2887 39 
7192 4 
2302 29 
6046 44 
5054 49 
1635 54 
4180 38 
3721 35 
2351 30 
4086 60 
5135 23 
1777 74 
4264 31 
4186 15 
2881 63 
3132 68 
4253 75 
6023 54 
6703 21 
6049 57 
821 84 
6162 100 
5473 82 
5086 24 
1863 23 
2435 97 
3997 63 
2722 61 
2246 7 
4375 26 
5221 58 
2245 73 
532 68 
1027 34 
3040 27 
2842 60 
4962 3 
211 35 
2737 96 
2110 99 
5819 96 
2948 15 
5311 69 
1927 56 
5076 1 
5181 96 
4010 26 
4769 41 
7045 47 
4275 84 
3073 68 
6443 87 
7471 53 
2321 7 
3300 82 
6157 70 
5529 56 
1637 39 
4977 63 
3394 52 
1216 27 
4199 25 
7352 19 
2266 48 
3817 92 
831 42 
3859 25 
5128 81 
4129 100 
5387 80 
933 96 
6750 61 
2203 86 
1152 79 
4448 97 
1082 15 
3323 81 
2240 26 
4451 57 
273 20 
1248 55 
5361 58 
6079 40 
6639 59 
639 77 
339 23 
5124 88 
5735 27 
6825 86 
7005 24 
2783 87 
7139 5 
4719 30 
6983 21 
4086 55 
140 85 
7210 52 
642 40 
6191 32 
5051 81 
2009 41 
4955 32 
2680 90 
6958 4 
2575 15 
4627 57 
4753 17 
2814 23 
3846 96 
1343 83 
902 35 
3467 63 
4686 61 
2955 29 
1592 5 
6761 52 
3597 16 
936 76 
7405 93 
779 31 
4559 57 
5540 11 
7374 53 
1485 71 
2000 28 
1854 53 
2014 72 
1216 51 
5984 70 
279 28 
3526 92 
1379 22 
2607 14 
5897 63 
1559 27 
2693 69 
1135 32 
5632 8 
436 16 
2431 87 
1295 84 
3040 8 
7307 55 
1359 91 
7276 37 
3570 53 
28 48 
1774 86 
6114 22 
2848 24 
3400 93 
2844 34 
5124 75 
4394 12 
591 24 
5698 85 
2459 37 
5193 17 
4343 51 
6907 18 
7039 76 
6270 19 
6776 95 
7404 41 
4768 4 
2116 67 
5996 59 
4053 71 
5934 46 
6882 76 
6621 32 
7260 79 
5168 4 
2695 11 
1706 54 
4980 45 
2781 2 
6015 8 
848 70 
4000 16 
5225 15 
5134 20 
3574 86 
5043 59 
1483 76 
6234 3 
7207 45 
1033 75 
1149 80 
5737 54 
2385 68 
2950 65 
3521 64 
4925 69 
6234 24 
1336 58 
6391 21 
6530 16 
5859 24 
2174 41 
6199 59 
6796 6 
4603 80 
2132 51 
1759 68 
1105 43 
1287 6 
660 8 
4370 84 
528 55 
5859 15 
4764 49 
6035 93 
6064 93 
6716 89 
3086 67 
6847 81 
2672 50 
1560 3 
1052 71 
4022 8 
6313 8 
3914 24 
1467 83 
3907 46 
2737 18 
1560 52 
5866 95 
2645 82 
3339 12 
2870 24 
4978 17 
156 1 
5018 68 
3803 69 
2738 76 
5929 2 
3336 42 
6226 54 
3124 84 
4500 12 
2601 59 
2415 19 
5005 59 
3100 44 
4623 69 
6119 52 
7037 75 
7453 6 
6842 7 
827 79 
1783 55 
1332 70 
1596 57 
123 71 
1541 22 
7134 41 
2033 48 
2811 37 
5959 10 
6732 81 
3231 51 
2884 67 
4125 36 
5025 66 
4295 51 
4396 29 
3957 27 
1398 52 
5784 72 
474 76 
3846 7 
1668 78 
1006 79 
5414 64 
2888 46 
1396 70 
2496 80 
237 72 
5967 13 
289 13 
2463 84 
6541 19 
1762 90 
3322 97 
7162 95 
5072 7 
2753 92 
1884 58 
2570 49 
3222 9 
2146 69 
1779 93 
6600 67 
1464 67 
4979 52 
6679 93 
5287 72 
4063 49 
3861 36 
5945 74 
1382 69 
4732 34 
460 67 
6743 81 
2968 16 
5041 13 
4785 19 
7458 84 
6537 73 
302 67 
877 33 
511 15 
2904 73 
4563 16 
2160 60 
6842 41 
3080 73 
174 91 
2040 69 
4271 7 
7084 11 
1471 68 
7482 80 
752 18 
553 5 
1885 81 
5737 95 
5295 40 
5820 10 
5608 79 
1921 49 
2872 100 
1521 97 
7390 12 
165 12 
6270 49 
4822 41 
4116 55 
6872 19 
1525 24 
3624 9 
6556 60 
4655 51 
1852 26 
4412 59 
1157 32 
3759 28 
3831 31 
4776 72 
6543 41 
5583 64 
4689 56 
3256 56 
5411 28 
2727 35 
1403 2 
1695 59 
5913 1 
3661 64 
5879 72 
6574 35 
6903 84 
2414 85 
5815 89 
4656 9 
3481 90 
372 21 
2197 28 
6029 7 
6255 55 
5893 9 
5308 39 
6967 20 
2992 27 
2836 70 
3698 61 
7256 52 
2445 21 
4036 11 
7061 43 
3319 42 
1632 42 
2562 29 
5021 42 
2787 27 
1196 32 
1636 3 
5322 2 
2723 13 
3081 10 
1034 30 
5170 41 
82 66 
661 69 
6076 22 
1864 46 
2115 47 
3288 28 
5027 60 
3470 66 
2287 17 
6697 74 
2520 70 
2727 94 
3035 7 
7355 68 
2789 24 
3709 22 
3990 21 
4690 17 
2294 53 
2163 8 
252 2 
6788 78 
3961 57 
4443 99 
5125 39 
372 44 
5861 99 
3089 95 
1405 43 
4314 45 
6819 22 
4766 60 
2595 8 
3576 88 
6212 38 
648 63 
2539 35 
4241 52 
1543 83 
2950 67 
3674 22 
5663 34 
6420 51 
3428 76 
3046 41 
2221 16 
7115 86 
3375 61 
293 50 
5948 5 
5188 95 
4319 78 
5381 59 
4429 23 
2242 31 
4942 15 
904 4 
6800 23 
3206 79 
5350 3 
671 22 
6318 37 
4760 92 
197 4 
1642 45 
1760 81 
4091 79 
3610 24 
7137 91 
246 30 
5621 87 
5496 24 
7142 47 
5198 48 
5225 99 
450 96 
821 68 
5032 32 
311 81 
835 4 
1577 47 
6484 67 
25 46 
6490 13 
836 88 
6743 56 
2126 90 
4331 68 
7237 80 
3467 61 
2778 16 
2208 50 
2035 92 
6881 46 
2672 68 
2001 48 
514 37 
1266 38 
1282 8 
5402 17 
3547 96 
7424 72 
7086 6 
6291 22 
3985 57 
3134 62 
6173 94 
564 59 
2785 44 
756 8 
5363 57 
7407 76 
2593 72 
5265 74 
6631 67 
4842 77 
6662 65 
7201 99 
6722 91 
4420 6 
748 6 
1319 72 
3099 82 
5330 83 
678 86 
1542 40 
194 48 
3268 86 
1471 32 
5511 2 
3050 52 
2130 12 
6468 30 
7310 89 
321 82 
1394 68 
1987 64 
6839 85 
2298 20 
2319 75 
2105 60 
366 98 
5307 33 
3935 29 
3517 45 
6230 66 
4796 60 
129 15 
2689 39 
803 61 
1872 48 
2928 58 
2612 18 
294 9 
4638 64 
6735 94 
4175 100 
392 33 
2085 78 
6461 1 
5123 91 
3518 70 
4902 47 
3885 42 
3585 87 
803 8 
5735 82 
7017 98 
2552 62 
3458 89 
125 92 
4134 99 
1143 77 
3983 27 
6555 43 
179 77 
6985 97 
5446 86 
7343 30 
2180 79 
5369 34 
6586 55 
4415 2 
2152 18 
4763 9 
4358 39 
7152 92 
6889 94 
4368 71 
4021 22 
6313 51 
6450 98 
6747 48 
1535 41 
3929 14 
219 97 
5547 56 
3103 14 
3109 54 
7131 23 
2214 41 
1813 65 
3832 1 
2659 51 
4571 31 
1825 36 
1081 74 
6885 80 
2873 71 
4620 2 
3485 91 
7450 83 
698 53 
548 7 
7158 31 
1881 72 
1871 94 
2588 54 
4894 46 
4104 17 
2128 28 
1904 61 
5554 40 
1240 26 
7410 11 
6579 46 
7253 29 
2629 51 
933 28 
3109 42 
1058 89 
1313 80 
34 53 
6333 80 
6850 37 
4596 78 
216 51 
3538 69 
5490 29 
5547 99 
7191 25 
145 44 
2505 25 
6246 37 
2504 54 
2879 14 
5694 43 
4193 80 
4647 26 
859 97 
4814 6 
4326 29 
2156 63 
3298 97 
2843 44 
3247 33 
4820 43 
828 25 
2719 73 
2113 23 
278 43 
136 24 
5738 80 
1903 84 
5057 61 
6880 70 
5918 5 
6251 25 
2919 100 
5921 13 
2243 19 
7146 14 
2762 73 
5738 80 
46 3 
2054 75 
3045 41 
3998 34 
4221 100 
3018 77 
12 49 
2999 81 
3806 49 
4205 76 
2648 77 
2689 42 
1996 34 
1007 57 
1658 45 
1588 55 
4799 42 
7230 95 
3534 27 
6829 54 
979 98 
883 42 
1298 81 
4623 3 
4481 79 
3179 28 
1656 67 
2221 3 
7052 27 
6111 9 
1323 50 
616 21 
1543 45 
4168 77 
2923 96 
5330 1 
3545 12 
2595 42 
1444 69 
2445 24 
6247 75 
4403 54 
1693 75 
608 44 
1202 18 
1304 76 
4620 19 
6349 62 
1115 16 
3738 38 
5363 68 
6790 59 
6631 36 
5100 75 
6804 96 
5350 3 
3370 53 
2508 62 
6579 16 
5157 32 
1185 13 
508 4 
6083 8 
3318 98 
75 55 
2587 89 
7474 76 
4547 57 
2612 46 
6031 67 
1042 32 
5169 63 
3836 29 
7177 15 
2144 33 
2046 80 
1497 5 
6836 80 
7112 53 
6129 38 
1059 15 
2826 33 
1942 72 
6489 5 
2018 71 
4172 11 
6602 92 
4025 90 
7220 1 
4704 15 
7386 1 
1747 82 
7006 82 
313 69 
2586 41 
4007 44 
6507 32 
3528 1 
6704 16 
3205 73 
5238 28 
835 92 
5772 59 
4981 43 
1060 84 
3910 97 
284 56 
30 41 
5589 43 
4110 26 
5635 16 
2021 94 
6299 49 
3294 54 
6916 50 
4426 54 
2930 12 
345 1 
1471 25 
4395 82 
6360 4 
30 95 
5311 59 
4136 99 
401 45 
1776 88 
212 97 
881 62 
1845 26 
2216 60 
875 93 
4765 4 
2105 61 
3856 27 
637 51 
2660 96 
406 89 
4991 17 
2747 26 
1615 100 
1222 91 
6887 85 
6039 19 
5646 83 
2144 13 
494 18 
4706 11 
5674 62 
571 29 
6940 8 
1631 99 
7055 37 
3639 45 
253 37 
5022 19 
6088 95 
2961 26 
5379 99 
3444 77 
1881 39 
1589 27 
6309 46 
5337 82 
2159 59 
5362 98 
4818 45 
2548 73 
381 38 
269 85 
2775 43 
203 14 
1737 16 
4540 68 
3514 35 
7196 47 
3774 84 
4325 82 
5282 61 
5915 40 
5771 28 
390 89 
972 37 
6313 4 
475 81 
7188 1 
3223 43 
2314 12 
7110 5 
1131 23 
5040 26 
6221 13 
961 45 
2746 42 
4057 60 
5034 28 
3787 23 
4268 11 
7211 80 
3814 37 
1012 54 
7489 87 
7448 3 
5750 57 
507 80 
1531 98 
205 52 
5710 17 
3296 55 
5111 5 
966 44 
1032 5 
6918 51 
7215 80 
6082 80 
4517 93 
4733 5 
2679 32 
5659 80 
3088 18 
6659 71 
1915 15 
2574 77 
5732 21 
6283 42 
3425 49 
4837 8 
3353 54 
7458 19 
1085 39 
4298 1 
4484 83 
1458 14 
3914 68 
5794 54 
3485 52 
1824 52 
3167 97 
3228 50 
1617 10 
3591 94 
610 79 
7201 14 
2884 59 
4732 68 
4549 30 
921 32 
1912 78 
46 25 
7197 91 
3030 82 
2142 53 
6285 60 
601 12 
3261 70 
2873 3 
4963 35 
5481 63 
5148 64 
3173 80 
3684 22 
2761 4 
605 72 
5833 2 
1848 29 
4192 78 
62 34 
1082 46 
1845 83 
7209 6 
2752 34 
3308 66 
3768 41 
3728 15 
7356 1 
2646 39 
5974 6 
642 30 
2577 74 
4932 77 
3355 23 
654 16 
6808 35 
2262 5 
2269 70 
3962 72 
3403 69 
2937 22 
6261 65 
7437 17 
4917 82 
2155 42 
488 49 
171 16 
6974 2 
5192 28 
5577 97 
6244 84 
5284 57 
3740 52 
678 1 
2776 33 
6322 12 
1454 82 
3728 42 
3698 44 
1676 5 
3385 15 
5205 8 
1782 78 
9 74 
6358 37 
3022 53 
673 5 
3809 12 
7209 38 
4613 84 
6270 34 
695 76 
1015 23 
5669 65 
4418 44 
7121 55 
858 25 
1562 40 
2002 22 
965 11 
4859 38 
3663 31 
2495 71 
1294 3 
2161 6 
3538 30 
1839 84 
6357 6 
6358 26 
4122 76 
4369 42 
2430 79 
7418 43 
5570 19 
2116 86 
482 74 
723 44 
3856 69 
2967 50 
4271 27 
2407 60 
4908 98 
2244 65 
4803 1 
7142 76 
4376 62 
4017 57 
6940 86 
7351 61 
3556 67 
598 37 
292 73 
681 100 
2241 47 
7001 64 
1273 7 
4523 80 
5004 66 
2444 58 
367 85 
1433 94 
4947 1 
603 38 
7086 53 
5951 42 
1271 48 
7178 63 
6720 58 
4562 13 
2856 62 
5676 28 
4820 98 
2808 24 
816 3 
2333 34 
5040 18 
3627 38 
6918 81 
3427 56 
3534 77 
997 4 
7277 26 
5218 48 
6236 79 
5660 91 
5192 87 
5719 12 
4237 78 
3687 52 
2832 71 
3937 23 
7488 15 
6912 58 
1996 39 
3613 81 
3567 61 
536 43 
2986 54 
43 73 
6884 54 
2164 28 
7241 34 
4791 77 
5463 29 
380 94 
4699 16 
6369 87 
3230 80 
2944 77 
1118 8 
957 37 
1368 45 
6879 5 
6098 73 
3778 33 
2827 41 
260 67 
4026 50 
5395 88 
4878 74 
1633 29 
1441 1 
4467 22 
6281 62 
99 50 
4169 7 
2286 36 
251 17 
1240 48 
6289 69 
2033 67 
2309 92 
3033 34 
6194 79 
821 23 
4404 6 
3351 44 
1806 69 
1866 38 
5430 16 
4540 50 
722 25 
5337 73 
6193 29 
6172 34 
1797 4 
4300 6 
1848 85 
1791 93 
5963 64 
1815 67 
2769 18 
1210 26 
3186 27 
1716 68 
2742 55 
917 16 
4431 6 
2140 24 
3034 11 
6957 30 
367 8 
287 66 
1292 30 
458 55 
2393 72 
2621 13 
5141 82 
6290 79 
4609 5 
7146 2 
6759 14 
7369 90 
4519 8 
5665 52 
1671 73 
3734 89 
6580 72 
1954 72 
3801 11 
126 45 
3534 98 
1557 75 
4279 47 
7205 39 
851 50 
6441 62 
6263 9 
1503 34 
7169 67 
1037 39 
2491 70 
2227 70 
6494 32 
793 94 
4294 18 
339 27 
2515 47 
353 46 
1093 57 
5884 96 
5758 76 
6109 73 
1337 11 
5506 5 
6129 42 
1195 19 
2664 73 
1540 57 
5304 33 
3302 97 
2102 40 
1275 69 
4387 80 
1614 31 
536 97 
3978 46 
2525 38 
1018 61 
1548 23 
4865 28 
4416 59 
6498 31 
7183 38 
87 86 
1722 41 
5934 23 
5880 8 
6143 18 
187 56 
4801 75 
6605 30 
4720 29 
1568 89 
5489 67 
2463 5 
995 78 
6615 44 
4161 97 
5733 99 
3782 54 
5339 67 
2629 71 
774 71 
3040 13 
379 40 
5739 83 
6822 10 
7463 89 
6398 3 
2855 60 
6007 1 
7089 21 
397 49 
2769 29 
6848 2 
4935 86 
6468 15 
6108 93 
185 48 
5905 15 
1987 43 
5249 60 
5952 11 
1048 1 
2013 55 
5060 71 
4307 49 
4491 3 
7249 11 
2184 96 
4012 18 
2634 79 
6032 41 
1572 68 
2888 76 
4483 27 
2971 31 
3886 74 
6294 86 
3975 58 
5392 34 
6529 98 
5034 71 
6901 35 
982 84 
2730 93 
53 15 
472 84 
4308 95 
2503 47 
7222 85 
2273 92 
568 11 
1818 13 
148 92 
5370 39 
6177 98 
236 63 
6769 88 
6197 2 
6423 26 
4094 75 
4493 17 
3910 100 
4311 13 
7346 33 
4749 71 
5576 68 
5981 93 
2380 28 
4536 50 
3018 13 
3499 53 
5775 19 
1741 71 
720 63 
4748 66 
5990 92 
7082 99 
1891 45 
163 89 
5629 64 
1559 56 
431 91 
1301 63 
3870 36 
1912 87 
400 62 
1491 26 
4733 83 
848 52 
1598 96 
469 87 
5039 3 
1337 82 
1647 100 
6370 27 
5263 80 
34 45 
4522 34 
6207 43 
6022 70 
5481 21 
3732 71 
3947 64 
406 94 
5267 3 
1741 36 
2089 80 
3490 25 
3913 36 
3776 82 
2614 90 
913 47 
4935 86 
2833 41 
4028 54 
3111 60 
6626 94 
6682 24 
5509 87 
5570 27 
1589 62 
362 77 
4293 51 
5954 5 
338 29 
2338 3 
1471 50 
3302 5 
35 86 
1397 14 
6339 59 
3773 16 
1552 55 
6240 12 
2541 61 
539 30 
1822 52 
6658 15 
2455 63 
5671 92 
5044 9 
3447 14 
3758 100 
5418 45 
3085 14 
5558 75 
1525 31 
5090 76 
4785 81 
1488 77 
5841 26 
2806 15 
1777 16 
3981 83 
4778 51 
5875 21 
1511 73 
1334 69 
6272 3 
6765 56 
3769 22 
2630 93 
6652 71 
7220 88 
1752 59 
1465 44 
936 22 
4310 13 
3937 90 
4647 67 
1793 21 
2387 3 
2545 73 
7423 68 
7027 87 
875 95 
2861 56 
7439 12 
1427 59 
3652 30 
7217 16 
7325 53 
737 35 
2217 26 
3776 63 
3592 20 
1236 30 
6575 32 
7402 97 
2800 81 
4536 74 
1575 48 
6030 14 
7111 56 
24 62 
837 92 
877 61 
6744 66 
4795 12 
2843 23 
7175 34 
4342 62 
2615 16 
2393 69 
1265 92 
7149 52 
218 23 
3399 47 
1588 9 
5054 63 
5123 42 
6555 51 
5402 98 
4168 49 
6110 10 
1471 36 
4795 64 
4397 10 
6932 41 
1278 48 
2185 26 
3051 2 
1000 1 
7500 40 
7161 5 
1902 83 
1146 56 
2134 47 
5606 1 
6947 67 
5811 69 
6554 5 
4433 2 
1866 16 
442 43 
2263 26 
2920 13 
3879 20 
3113 78 
5359 25 
282 12 
6408 27 
5920 93 
6826 77 
6193 72 
5943 55 
6041 48 
5312 25 
6149 29 
4540 42 
1672 2 
568 91 
3466 46 
7362 30 
7176 72 
7054 57 
2684 13 
236 55 
4705 61 
2831 50 
5832 73 
4456 72 
3972 19 
6196 20 
7148 87 
561 71 
1388 80 
4761 5 
3278 75 
486 53 
46 92 
1761 81 
3704 96 
1535 61 
1556 65 
2010 40 
4489 65 
3111 60 
6436 59 
2431 83 
1597 92 
6253 37 
1823 65 
5541 100 
5839 27 
6904 37 
4918 65 
5169 73 
3160 56 
7233 68 
1272 42 
2307 61 
7059 69 
5572 46 
4927 55 
3428 24 
1198 32 
860 20 
3396 52 
6972 87 
2630 75 
4175 99 
39 43 
6372 51 
6250 56 
5618 22 
5550 24 
4634 60 
4692 5 
1305 71 
911 84 
6346 8 
4615 57 
5128 62 
3808 51 
6300 90 
2325 26 
4188 16 
2521 11 
3266 70 
5719 83 
1291 68 
1806 24 
227 49 
7481 83 
6319 91 
3966 64 
2999 32 
2572 78 
5645 80 
1780 97 
3021 4 
5122 60 
5319 42 
471 36 
1412 41 
1318 54 
1308 75 
7478 86 
6176 58 
7120 94 
7200 85 
1510 50 
2368 81 
1027 64 
1812 6 
2660 32 
5762 82 
3392 32 
6775 14 
2368 38 
254 37 
1092 13 
3364 69 
7150 39 
7378 69 
7032 77 
1705 93 
7479 72 
3974 5 
3435 37 
2663 95 
1969 76 
5228 12 
2207 2 
6925 74 
4040 30 
5963 31 
6442 26 
5051 91 
3864 80 
5359 47 
2208 15 
992 86 
2486 17 
2043 72 
953 5 
2218 73 
3332 45 
5984 38 
4447 60 
1464 38 
2789 26 
3820 82 
603 22 
5524 18 
4001 34 
4416 8 
648 7 
7246 33 
1723 88 
6757 28 
5344 74 
3300 75 
1419 84 
5564 17 
6043 27 
3406 84 
5804 25 
765 6 
6298 41 
1075 98 
7374 91 
357 22 
3397 2 
2506 72 
741 14 
5499 36 
2088 98 
4962 58 
1933 26 
5926 28 
2552 83 
7011 8 
407 27 
4965 4 
3119 40 
853 93 
2882 61 
2366 30 
6515 23 
1601 55 
4337 51 
3543 76 
6101 4 
133 33 
4029 10 
6212 33 
5592 22 
5140 50 
3701 56 
2905 19 
7495 57 
1163 28 
3817 28 
6858 31 
6103 10 
1438 91 
5761 80 
7066 61 
5983 50 
3745 12 
3459 57 
444 2 
7030 35 
5251 82 
5890 55 
1401 37 
3263 15 
6464 31 
3795 21 
114 97 
5631 51 
4187 43 
6530 52 
5955 64 
1153 51 
5227 11 
3507 22 
3864 89 
1456 14 
3970 98 
1120 22 
2286 82 
4489 49 
2812 83 
5922 25 
3179 4 
3327 17 
5646 8 
1320 52 
5072 72 
4002 50 
5934 61 
6172 97 
749 79 
3910 70 
5176 29 
6644 13 
762 32 
62 25 
4414 35 
4202 44 
238 80 
5160 35 
88 79 
6538 11 
1450 39 
5660 83 
1899 83 
1031 99 
2162 40 
5069 89 
1320 64 
5002 33 
6695 15 
2209 60 
101 10 
1403 90 
5290 62 
3924 29 
4392 13 
7091 41 
4851 50 
4575 2 
7285 5 
7100 98 
1896 20 
6986 67 
6583 39 
2999 77 
6105 7 
736 5 
2969 90 
5394 10 
51 69 
3838 42 
1333 28 
1634 84 
29 60 
4285 13 
2016 84 
610 11 
7404 48 
5977 38 
1138 27 
2467 95 
4386 2 
3651 54 
4192 97 
6963 94 
7417 52 
6388 50 
4431 21 
7433 59 
5581 69 
3124 96 
5804 85 
2859 59 
384 87 
2397 74 
514 63 
6468 51 
6916 18 
3604 59 
3014 18 
5553 31 
2921 40 
4180 51 
3812 64 
4309 44 
6032 84 
7192 35 
221 50 
1394 4 
2736 90 
977 1 
4 44 
4703 19 
1414 6 
1878 27 
1575 82 
6209 95 
2073 88 
4345 84 
4703 6 
6628 34 
5141 19 
69 61 
220 14 
5965 7 
2955 93 
2760 58 
4589 62 
1228 2 
7120 5 
1780 94 
738 89 
4541 10 
2228 37 
1194 31 
242 73 
2664 35 
4343 84 
2095 62 
749 11 
6368 3 
5204 27 
5512 92 
441 40 
793 60 
1196 24 
105 34 
1912 45 
4743 40 
4882 88 
3570 75 
3960 85 
709 2 
6669 56 
4215 17 
1066 35 
2472 69 
3561 83 
7412 53 
7222 56 
2912 18 
980 17 
1703 91 
161 45 
7030 94 
2585 51 
6721 96 
7036 81 
5050 56 
436 64 
4972 54 
3698 95 
6622 11 
6778 86 
1463 51 
4941 75 
5120 20 
6243 22 
163 55 
4619 44 
501 3 
495 21 
5098 30 
6001 47 
5085 89 
3263 8 
5642 60 
203 15 
4422 32 
1500 85 
3682 93 
1611 2 
3712 53 
623 26 
5607 93 
1270 7 
3795 64 
4679 45 
645 32 
2891 81 
7320 53 
4840 13 
4465 94 
427 86 
2225 79 
7270 7 
6071 32 
6060 34 
584 34 
3860 43 
2127 81 
2501 21 
4596 32 
6165 40 
563 8 
1172 34 
5412 11 
3546 76 
2405 24 
3762 29 
2454 83 
1887 24 
2615 46 
1010 50 
5980 21 
5944 6 
201 97 
5378 96 
5828 95 
1387 42 
3302 58 
4475 13 
7420 72 
3589 24 
1047 2 
5805 1 
7436 43 
4524 2 
6989 85 
2304 20 
605 47 
3777 57 
6895 6 
3304 74 
3400 90 
1815 1 
6099 41 
6766 19 
3364 6 
7194 11 
407 50 
411 94 
3393 86 
596 81 
7023 99 
6052 79 
2497 80 
4988 92 
1685 91 
4817 85 
4333 84 
4285 83 
3124 2 
6653 40 
4107 47 
1102 65 
3196 64 
2559 40 
4149 54 
7172 23 
4904 23 
1502 100 
6902 89 
643 87 
6131 60 
5023 63 
2295 59 
4746 70 
3061 98 
2109 67 
1596 10 
3032 44 
3573 42 
1583 74 
6447 55 
1596 50 
5829 49 
2601 83 
7289 96 
4021 20 
6407 43 
1382 1 
2201 79 
5470 13 
229 31 
2632 24 
992 15 
5467 17 
1456 2 
2490 2 
6008 37 
3103 36 
3738 55 
7270 26 
5502 90 
1945 60 
4184 79 
3312 37 
7157 34 
1849 37 
6564 80 
561 7 
1494 79 
2323 1 
2132 64 
1054 39 
6601 8 
3827 90 
63 96 
5215 16 
6238 12 
176 73 
7042 87 
7009 98 
2472 10 
5435 35 
3541 47 
442 87 
1077 64 
5687 9 
5280 93 
3847 32 
1100 73 
4921 14 
2621 87 
4430 10 
7498 57 
1982 39 
5795 43 
5089 67 
6904 75 
1153 44 
5573 46 
5682 49 
2062 21 
2357 41 
813 4 
3072 12 
5228 92 
1926 100 
1978 7 
6909 28 
1163 43 
6718 9 
585 58 
6575 88 
5032 80 
1783 4 
7025 65 
1105 86 
2685 61 
1426 49 
1016 97 
4260 44 
3840 37 
4295 70 
1595 4 
4349 9 
3946 66 
7418 82 
6724 44 
3369 7 
4423 3 
5063 100 
3967 67 
4385 3 
979 63 
351 95 
511 63 
7090 51 
7351 84 
372 46 
87 20 
3054 84 
785 23 
6265 8 
7167 85 
1967 41 
4988 29 
5740 6 
5695 77 
4661 73 
6139 63 
19 1 
6177 8 
2351 28 
3492 74 
7473 30 
6293 78 
4166 30 
3701 82 
4789 19 
2767 55 
4011 6 
6283 51 
5763 29 
2579 75 
2502 69 
5638 20 
5569 66 
980 72 
1693 23 
845 17 
4604 90 
2395 69 
4419 47 
1903 7 
7165 69 
962 75 
2626 96 
4777 40 
1925 7 
367 78 
6275 56 
5797 44 
521 28 
3615 14 
1450 11 
1582 54 
1800 76 
6174 18 
274 76 
6777 90 
4096 90 
1317 73 
5185 45 
5313 61 
3652 31 
1738 26 
1886 87 
6769 6 
4514 35 
3471 64 
5046 53 
4517 97 
380 42 
3267 54 
2618 43 
6943 13 
1632 11 
4786 68 
4556 50 
4129 7 
5980 66 
3132 17 
4752 53 
1622 66 
1839 45 
6581 36 
1497 49 
3933 28 
4490 99 
1381 7 
1093 76 
5172 24 
6786 9 
891 41 
2758 71 
4547 89 
2237 31 
6805 40 
6635 78 
6457 73 
2574 37 
6709 70 
485 93 
4798 27 
543 30 
2285 35 
4705 56 
4358 43 
1264 100 
6683 73 
6823 82 
2961 11 
1612 17 
6250 98 
7247 59 
570 20 
2095 30 
5242 32 
6974 91 
5258 16 
5272 94 
1650 29 
6350 59 
4171 65 
1459 53 
1838 33 
4786 50 
43 49 
3619 92 
4846 65 
2850 68 
4536 97 
2897 29 
4080 71 
2519 89 
1238 43 
7082 88 
471 31 
246 41 
3748 56 
6845 85 
188 31 
586 30 
731 4 
5374 77 
6420 75 
2344 56 
3371 92 
4584 50 
5314 55 
638 4 
5097 20 
791 67 
5002 88 
1559 49 
444 3 
5685 83 
3885 23 
6065 16 
1826 38 
1544 98 
3512 39 
1905 83 
5682 40 
5684 48 
3794 74 
251 42 
4245 41 
4660 46 
928 18 
1847 23 
5973 83 
6058 9 
4005 22 
5824 83 
1059 19 
4280 22 
1457 36 
1656 39 
2875 40 
1986 21 
5013 36 
5762 57 
2128 74 
2354 7 
6843 52 
2130 15 
1935 87 
5376 91 
5308 99 
825 18 
2418 56 
1139 26 
1491 95 
2364 66 
1486 1 
2386 98 
5436 99 
7106 15 
124 11 
822 67 
3863 51 
3633 49 
2489 8 
791 48 
4059 68 
3217 28 
4423 55 
553 66 
6001 69 
1631 86 
4969 68 
5335 57 
1218 92 
671 42 
4603 44 
808 17 
3294 92 
3317 34 
4800 7 
2633 58 
4574 49 
5537 49 
1556 89 
5114 8 
357 96 
6394 78 
7315 80 
4786 32 
6872 8 
2373 26 
4652 32 
2642 97 
5324 58 
3931 75 
1416 15 
2832 42 
2616 68 
5190 71 
5808 55 
3078 17 
7250 23 
546 16 
3903 31 
6947 26 
2138 72 
4951 89 
1555 44 
6086 78 
3753 68 
852 20 
6782 35 
1361 97 
2254 2 
4919 14 
5908 49 
4430 9 
171 75 
2924 25 
1657 23 
3902 94 
1894 4 
1935 48 
5499 72 
1678 51 
739 81 
5771 72 
3916 83 
769 21 
2737 39 
4434 44 
3887 15 
5653 10 
5189 76 
4686 97 
2298 88 
1991 43 
143 77 
6491 42 
2148 20 
7392 86 
900 14 
1757 15 
1849 77 
1188 85 
4768 21 
5728 54 
5836 80 
2915 76 
3808 1 
573 5 
40 15 
1648 82 
4191 90 
5823 38 
6509 15 
575 8 
1580 83 
3575 28 
2560 62 
512 79 
2882 92 
7332 69 
1471 47 
1297 78 
1699 21 
2735 38 
987 34 
1919 77 
2723 42 
2866 83 
4808 92 
490 39 
3474 64 
1167 85 
177 30 
3563 11 
5621 47 
831 44 
3845 27 
3721 43 
1699 7 
6132 85 
1040 2 
6713 14 
7143 78 
3196 2 
3221 86 
1041 95 
6601 59 
2931 30 
1588 94 
40 9 
92 70 
4504 36 
2997 76 
830 47 
4883 61 
6232 74 
6362 44 
7388 57 
6374 83 
7010 94 
5620 50 
140 73 
1608 71 
1702 48 
916 41 
608 7 
2610 11 
4942 58 
4686 23 
505 68 
4083 88 
6842 96 
3531 81 
5504 56 
1163 14 
3350 35 
5563 41 
1707 23 
5411 8 
6922 78 
4000 29 
6184 61 
5139 77 
2419 76 
7099 75 
2096 33 
7362 89 
3181 44 
5869 84 
3500 31 
6197 1 
4017 12 
541 23 
486 4 
482 7 
2481 81 
6287 17 
2442 77 
2493 12 
3952 44 
5486 47 
3476 99 
6335 56 
5294 3 
340 45 
3086 88 
5845 2 
999 38 
4177 36 
1393 58 
242 25 
491 28 
2741 32 
1804 34 
5495 8 
5029 32 
3154 4 
6530 41 
6512 75 
5543 3 
3320 80 
3590 16 
5934 41 
5753 62 
3776 97 
6119 70 
1222 61 
749 62 
7244 5 
547 38 
6012 75 
69 17 
5431 50 
1357 42 
1125 52 
2644 44 
5731 85 
3811 16 
7377 64 
4477 53 
6912 48 
5374 33 
7408 22 
3447 52 
6378 45 
3741 89 
7272 10 
5406 2 
611 62 
995 35 
5013 38 
5030 96 
74 41 
5111 51 
2256 88 
2455 67 
2887 28 
1152 94 
5301 50 
1297 79 
6294 38 
419 65 
199 24 
3766 9 
3938 12 
1396 2 
6101 77 
1249 75 
5469 60 
4977 76 
7299 31 
7095 85 
6610 98 
4330 62 
3047 27 
7440 40 
2016 11 
405 14 
3886 22 
1874 23 
6634 21 
6977 34 
7398 25 
2760 18 
5936 36 
2146 34 
6518 40 
7270 27 
1337 100 
1389 83 
1078 80 
5074 93 
6890 30 
4158 28 
7352 31 
2450 37 
7004 78 
1922 53 
1503 34 
2470 38 
3769 15 
4524 39 
5206 93 
7265 94 
7244 5 
2276 21 
6537 2 
2765 78 
3031 22 
6905 34 
4305 7 
7070 8 
1484 44 
2060 86 
3877 81 
1776 97 
6848 51 
635 53 
795 52 
2447 39 
5608 74 
211 44 
1127 28 
1922 58 
101 26 
5891 5 
2032 13 
7064 68 
3508 75 
5353 84 
3856 80 
5232 3 
3630 19 
6607 25 
3970 5 
3815 77 
2831 77 
5573 57 
4704 94 
614 5 
171 57 
561 55 
2169 25 
3422 76 
6951 26 
4411 6 
6106 94 
5360 87 
5712 19 
4363 33 
3723 29 
1962 53 
2406 34 
1862 61 
27 75 
3265 49 
331 26 
103 51 
2802 24 
7026 52 
3650 88 
4410 7 
3782 21 
1045 93 
4439 8 
3026 14 
3788 87 
4918 93 
5020 79 
3506 98 
606 70 
2946 36 
1947 1 
1139 100 
5424 64 
4704 25 
3452 13 
1531 85 
2733 76 
577 24 
6835 54 
5537 74 
6292 54 
667 63 
2233 24 
6560 38 
2293 58 
2625 92 
2758 63 
6691 33 
3279 46 
7458 82 
4358 40 
4166 43 
1767 42 
4466 53 
6048 54 
1927 39 
4307 45 
2 39 
4468 13 
728 12 
5122 53 
1203 79 
5967 46 
6264 45 
1991 73 
7326 1 
5412 91 
2495 31 
85 12 
5983 32 
7165 9 
3470 71 
1853 23 
1862 72 
236 41 
3284 57 
3645 86 
4588 12 
2583 3 
3856 26 
7275 82 
1126 38 
6524 72 
2568 8 
783 51 
5239 47 
311 61 
3269 64 
2383 82 
6187 70 
5423 70 
6827 67 
5308 66 
3678 90 
4968 86 
3815 42 
2567 92 
1279 42 
6263 47 
7050 97 
3749 40 
6343 59 
3700 64 
5074 35 
4945 61 
6404 67 
5730 30 
3286 37 
995 15 
2779 62 
4700 45 
2055 18 
589 34 
6560 3 
6032 61 
4100 80 
1100 42 
6338 52 
3905 64 
1086 2 
6524 89 
1920 5 
4571 5 
5994 17 
2372 72 
1731 71 
5568 85 
4541 56 
5970 100 
4359 1 
7412 58 
6780 11 
2751 70 
4662 8 
7233 99 
5709 56 
4588 28 
1212 10 
4185 5 
4926 56 
976 8 
6126 96 
1793 18 
4051 14 
5617 61 
3615 28 
718 46 
5391 21 
6215 4 
328 47 
6003 88 
3554 90 
5015 66 
2451 99 
3322 28 
7106 98 
4236 84 
1045 80 
6601 95 
3993 70 
3708 59 
449 77 
705 39 
5597 19 
7243 24 
4218 45 
2163 23 
186 78 
2740 36 
228 62 
215 34 
1711 50 
3269 55 
681 69 
6701 74 
5938 8 
3632 87 
6185 88 
3577 33 
2607 19 
409 76 
415 71 
3650 100 
2248 90 
2087 28 
3803 2 
13 13 
5603 81 
7119 84 
5649 19 
2309 39 
579 40 
677 15 
1628 53 
1247 86 
6424 55 
113 38 
4226 62 
6290 25 
2651 28 
5504 5 
2029 16 
3317 84 
1296 35 
5267 97 
606 75 
87 84 
4866 63 
6798 45 
5015 96 
7282 38 
1051 94 
2128 28 
3656 69 
804 58 
6996 8 
2963 77 
4323 31 
6860 71 
6918 26 
1619 23 
3552 5 
58 17 
2467 7 
5114 81 
5102 95 
2771 4 
4789 50 
1631 96 
3518 35 
3805 13 
94 19 
3389 16 
3250 48 
238 67 
6225 56 
2689 76 
2412 98 
2045 78 
7304 10 
3711 5 
3404 33 
2409 44 
1582 91 
5691 99 
4177 96 
6963 70 
6466 52 
38 15 
4451 75 
3733 28 
983 73 
3155 94 
6870 99 
7124 73 
2560 34 
4078 64 
1166 38 
4359 99 
728 50 
5549 5 
3397 11 
1674 62 
6714 11 
3429 65 
838 61 
4544 72 
4934 98 
4065 3 
4249 88 
2328 8 
5873 57 
5271 90 
3094 82 
7488 21 
3531 36 
77 79 
1899 3 
6992 12 
1165 20 
3628 2 
2581 71 
2673 66 
869 90 
2020 17 
629 47 
4424 54 
2103 47 
3743 48 
2028 83 
369 10 
618 97 
1540 16 
7399 31 
2480 64 
3951 7 
3065 83 
6778 90 
4248 46 
1531 19 
5262 11 
1966 37 
6364 20 
2083 7 
6968 62 
5189 88 
6223 58 
5484 62 
6026 83 
1293 5 
6446 43 
7111 62 
1977 40 
4303 24 
5385 85 
3842 98 
5696 59 
3035 59 
79 69 
6017 98 
5783 57 
4585 5 
6067 68 
4767 44 
6802 59 
4448 99 
2653 10 
5461 29 
650 15 
2204 86 
5800 97 
6884 95 
2056 70 
7405 86 
4090 74 
5735 72 
6182 19 
6877 48 
4238 95 
691 92 
405 90 
6990 57 
6900 2 
6537 1 
4917 92 
3786 16 
4988 21 
6062 95 
3290 66 
5732 80 
3239 66 
2251 73 
5636 79 
5520 74 
3473 63 
3617 29 
404 6 
4637 55 
6908 73 
5055 24 
3764 93 
39 4 
2213 100 
5998 3 
3417 30 
4234 8 
695 84 
6280 31 
5815 51 
56 39 
7065 72 
3368 69 
5629 4 
6123 36 
3029 78 
711 44 
3870 49 
5747 34 
5700 45 
2936 69 
7326 69 
4828 72 
5005 7 
4554 71 
5609 61 
1661 74 
5984 28 
5142 13 
4384 64 
1648 64 
6293 59 
3259 14 
1959 6 
6448 11 
4602 83 
6979 79 
404 58 
2650 60 
6764 4 
5282 24 
2016 42 
1397 100 
3322 38 
4612 57 
1654 59 
5320 46 
7469 78 
812 80 
1435 59 
7290 36 
493 20 
666 48 
1277 16 
4007 92 
1871 40 
3115 86 
82 64 
4385 3 
1253 48 
1311 6 
5459 82 
2204 27 
6559 15 
6206 46 
2773 47 
4233 17 
2966 99 
1865 94 
7066 23 
2485 36 
5363 52 
4173 96 
315 10 
6550 67 
257 60 
4473 15 
5841 28 
2494 51 
7394 99 
3096 18 
4898 29 
3634 63 
3579 98 
2309 44 
2721 45 
4579 35 
596 3 
3730 10 
12 79 
1329 21 
1990 53 
4835 30 
2680 80 
4080 73 
7379 28 
4090 28 
5856 75 
2842 86 
4573 50 
3929 45 
1295 59 
5579 42 
7461 60 
504 73 
3438 32 
6593 27 
6484 79 
4608 15 
1459 39 
1939 89 
6066 80 
3816 73 
3954 9 
4058 26 
3159 86 
6022 5 
344 100 
4046 57 
3611 49 
6629 48 
6380 73 
3826 15 
6203 85 
4729 13 
7324 67 
5553 89 
4046 20 
514 100 
6229 71 
377 87 
3909 99 
4043 4 
1850 88 
2260 61 
3989 40 
3860 20 
3664 38 
5935 67 
6322 15 
231 97 
34 84 
2238 79 
6503 51 
3430 83 
6173 59 
4821 81 
1557 63 
5685 58 
803 96 
218 91 
7036 30 
5362 99 
819 96 
4417 40 
5811 100 
3489 44 
1783 26 
1274 37 
976 56 
3720 100 
6214 40 
1081 22 
1255 17 
1379 57 
4912 49 
5699 99 
2230 60 
6498 48 
6208 66 
1539 18 
5765 27 
1713 99 
2104 38 
6036 31 
5393 7 
431 58 
998 11 
931 52 
5979 62 
3160 42 
462 58 
5541 91 
3770 90 
4590 77 
5655 28 
5846 72 
2507 10 
1670 10 
747 57 
6541 92 
6515 71 
6801 13 
7333 32 
1116 63 
1393 76 
6904 54 
4485 44 
3396 54 
7185 85 
3230 40 
6612 27 
6963 70 
6836 32 
5080 83 
6541 20 
3926 55 
2442 78 
5567 74 
2309 83 
6936 53 
2310 91 
3258 94 
2635 53 
6400 19 
7137 29 
6510 1 
2556 72 
4422 43 
5956 1 
7177 48 
4972 2 
1902 13 
4532 21 
2186 40 
4355 73 
745 64 
5664 2 
4809 50 
3155 8 
820 43 
4689 82 
5595 96 
3505 17 
6838 12 
3369 67 
4659 41 
320 61 
753 51 
4233 91 
3043 87 
1115 87 
6602 30 
288 62 
4131 94 
6470 51 
2789 10 
2484 83 
7457 88 
2251 46 
5652 72 
3512 10 
5312 32 
722 16 
1182 54 
6706 24 
4892 73 
510 93 
4802 50 
5607 33 
1943 76 
5235 31 
5937 18 
4466 93 
5057 68 
2890 8 
2539 2 
4870 2 
2733 91 
4118 66 
1897 75 
5842 88 
1347 3 
2133 49 
4852 39 
6433 47 
3666 67 
1729 54 
3236 46 
6846 92 
1966 35 
2852 56 
7488 21 
2558 72 
4663 27 
4338 59 
201 31 
4699 100 
6733 83 
5400 37 
5921 32 
1083 38 
998 63 
1891 33 
6709 88 
3876 26 
1174 27 
3381 62 
5799 38 
1585 62 
3964 22 
872 17 
7452 70 
3416 37 
3752 15 
973 24 
4498 7 
813 47 
2569 55 
1079 29 
1642 6 
654 68 
1885 35 
1681 83 
1324 65 
1996 40 
1687 68 
7156 90 
937 23 
4878 41 
2089 50 
3416 86 
5608 29 
3432 29 
5783 62 
157 77 
7167 63 
444 3 
3697 24 
586 20 
5388 33 
511 26 
4300 66 
5268 89 
940 45 
129 28 
7347 96 
965 6 
6624 96 
3834 59 
6609 91 
2535 76 
3653 78 
5530 1 
5101 67 
2572 40 
6400 83 
266 99 
2100 85 
7287 40 
7029 67 
4919 27 
1163 84 
2533 38 
1631 66 
2896 40 
1708 30 
5867 60 
7259 96 
4060 11 
1363 84 
5551 62 
1066 68 
2312 65 
1552 51 
5056 32 
7217 75 
5659 31 
7210 43 
5221 40 
5908 16 
2079 16 
4898 45 
4327 56 
3193 39 
867 55 
5222 17 
3668 39 
3584 79 
803 35 
5781 11 
5066 50 
6037 76 
4080 46 
1618 100 
5937 78 
1268 16 
6493 65 
7312 71 
3320 56 
1909 86 
6410 82 
1954 29 
3620 37 
6260 75 
2023 40 
485 41 
1389 21 
516 21 
3618 86 
6120 54 
7363 39 
1421 7 
4903 33 
7377 75 
3088 38 
3760 50 
6619 14 
2278 91 
2602 89 
3717 77 
4429 1 
1917 17 
2073 84 
2637 42 
1121 9 
6595 83 
6347 16 
6189 2 
600 18 
2176 39 
5555 35 
2240 25 
3000 70 
3967 54 
3258 83 
430 86 
3235 98 
4855 7 
1333 91 
1200 54 
99 95 
3436 98 
7162 77 
399 13 
5894 74 
503 100 
7360 95 
6324 60 
4964 43 
6165 73 
1825 46 
6111 60 
6643 65 
1718 27 
3455 18 
1780 6 
2064 68 
203 25 
3896 1 
7189 89 
3174 43 
3940 33 
637 15 
4744 52 
3257 60 
4025 82 
205 35 
2641 99 
6099 10 
5026 5 
6127 57 
3310 90 
2224 64 
1266 71 
2964 54 
6111 89 
6349 50 
6874 85 
4165 17 
3937 73 
6377 61 
3854 33 
1947 46 
3632 97 
1056 57 
6653 34 
5665 15 
6724 41 
3678 89 
4211 94 
295 22 
2982 43 
5371 55 
4979 87 
5324 15 
7160 52 
727 65 
984 25 
211 67 
921 18 
3475 26 
6151 40 
240 74 
880 17 
4715 90 
1910 61 
6763 44 
1855 34 
4950 33 
4372 73 
7100 31 
4676 26 
6396 60 
703 58 
478 75 
5575 53 
6900 25 
5592 39 
951 23 
2408 17 
1764 69 
877 27 
6912 83 
5660 62 
915 83 
5986 14 
5414 62 
7192 9 
173 94 
1118 50 
7220 92 
4602 20 
2268 45 
5110 70 
6867 17 
6586 31 
2038 14 
1009 49 
396 20 
4662 11 
6902 48 
676 15 
5161 19 
475 33 
5964 92 
5982 84 
7135 36 
3655 3 
2332 64 
3972 99 
133 10 
1681 70 
723 89 
2470 19 
7060 32 
1281 61 
1631 56 
3776 91 
27 2 
4623 90 
4694 56 
4173 80 
2743 79 
5082 75 
443 6 
5625 75 
2315 5 
2744 37 
1345 65 
3007 4 
3696 87 
6216 26 
6243 43 
3468 69 
4445 90 
3610 90 
1398 35 
3669 40 
5813 3 
1714 55 
508 38 
5681 74 
5994 76 
3562 90 
3841 69 
5945 36 
3355 61 
4214 49 
6003 81 
6069 47 
7123 79 
2288 20 
165 57 
4011 77 
4911 25 
4732 70 
4414 64 
5943 8 
1540 4 
1597 80 
7424 94 
4267 79 
3554 32 
3079 8 
13 100 
3855 87 
2678 94 
7006 42 
3450 16 
170 60 
592 53 
3981 6 
5517 23 
413 56 
3279 61 
3787 2 
7254 53 
5332 59 
6737 63 
3067 49 
262 73 
5235 91 
3266 92 
3484 68 
5959 53 
5279 51 
7406 60 
4056 22 
4182 20 
3829 12 
3032 15 
866 38 
7019 49 
3796 55 
4811 14 
4355 72 
3986 89 
5714 4 
4532 97 
4171 91 
5350 49 
2041 55 
3708 48 
3176 42 
7119 4 
4405 2 
5970 70 
3139 88 
2819 87 
4243 81 
2852 49 
2905 90 
2038 18 
4293 21 
2815 63 
911 64 
1763 3 
4770 23 
5602 97 
2416 72 
5152 20 
5574 21 
3442 64 
460 12 
5850 54 
4092 54 
3503 96 
5743 92 
6966 35 
2312 80 
2349 23 
1795 11 
3877 64 
933 31 
4712 48 
4902 63 
1520 75 
4835 61 
3039 94 
2572 40 
200 63 
293 2 
5011 87 
593 76 
7421 4 
5607 21 
4978 1 
5232 7 
5316 16 
1037 79 
7216 38 
3741 35 
265 27 
6195 3 
4072 18 
2394 71 
5632 39 
472 42 
6425 16 
6469 98 
1672 75 
6318 1 
3327 49 
4559 94 
417 95 
1372 32 
2885 64 
218 49 
3890 64 
5303 62 
5381 96 
3584 12 
586 8 
6654 11 
2823 74 
3560 46 
1549 77 
1347 75 
5278 57 
3721 94 
2852 92 
4677 88 
1556 94 
236 97 
2657 90 
4758 37 
3437 94 
2900 23 
2601 5 
3533 75 
5379 92 
121 27 
820 19 
3153 97 
5075 73 
3142 78 
3317 18 
3865 72 
4063 52 
1668 19 
7341 78 
6107 78 
4971 7 
7300 71 
2411 84 
3197 89 
627 17 
6067 98 
2487 72 
6395 62 
6296 88 
5691 12 
58 56 
5835 20 
3859 3 
2191 100 
4132 97 
5829 2 
1155 80 
524 66 
6663 20 
2706 41 
5889 25 
6438 75 
696 84 
7288 43 
3924 31 
455 81 
6386 41 
600 96 
5143 90 
5295 26 
2439 75 
1079 93 
6954 54 
6010 68 
3026 16 
2460 14 
1340 50 
1140 87 
4433 80 
6729 8 
4110 35 
3688 47 
3676 88 
3442 70 
5929 89 
7148 19 
2563 26 
3312 17 
1180 21 
5836 5 
1888 96 
4470 79 
1045 61 
2965 77 
4240 46 
5185 1 
5932 24 
1547 59 
3363 41 
7481 92 
3929 28 
1510 91 
353 73 
7359 84 
5494 95 
3440 33 
6490 9 
812 34 
4870 76 
4362 61 
3673 98 
162 5 
7474 60 
3063 36 
4400 95 
3979 80 
1522 41 
5023 75 
513 33 
1110 58 
1927 50 
3591 68 
4958 2 
6153 79 
7029 67 
492 54 
2764 5 
3010 37 
6416 24 
4925 16 
6819 3 
1847 40 
5743 69 
1566 8 
3102 76 
2465 80 
7225 7 
3648 34 
660 52 
3565 41 
3018 8 
1094 34 
2412 3 
6222 27 
1526 46 
3494 44 
5049 41 
536 43 
3561 1 
7250 14 
3628 67 
1894 4 
4825 93 
4590 85 
5544 54 
3377 62 
2413 70 
5695 76 
7424 16 
5002 49 
6914 48 
1145 14 
4040 80 
5456 52 
2632 58 
4466 60 
3976 59 
963 100 
3251 52 
5636 46 
5057 12 
1207 69 
4833 53 
3644 56 
1521 98 
5057 34 
6197 1 
3099 88 
6732 54 
539 63 
3963 4 
622 90 
2714 85 
6942 64 
5988 77 
6110 45 
5441 68 
2365 73 
3273 9 
29 93 
4858 85 
4578 54 
2637 76 
5141 68 
81 31 
2582 44 
2035 4 
2185 48 
3640 26 
2064 27 
6703 25 
4523 95 
5692 88 
6267 64 
4248 47 
5108 5 
1583 85 
4010 19 
1212 2 
4938 93 
5032 20 
4188 66 
2075 72 
3166 14 
498 29 
6692 100 
3605 67 
2046 96 
1954 12 
2112 1 
4811 71 
6657 93 
7108 66 
1964 19 
3667 1 
2111 50 
5772 98 
7116 46 
5170 33 
4911 67 
6861 55 
4218 65 
5521 63 
3612 74 
5926 75 
5026 36 
1998 82 
2129 5 
6199 92 
2423 17 
2344 34 
1266 16 
2183 33 
961 52 
1365 24 
4370 77 
178 39 
1393 98 
6201 57 
4523 79 
7283 48 
6714 80 
5081 94 
3384 79 
4285 7 
4995 29 
1692 12 
6096 74 
4845 8 
2578 61 
3131 99 
4638 60 
5738 82 
357 90 
1238 31 
6768 73 
5778 82 
1652 58 
5027 88 
5988 12 
1046 82 
7292 89 
1094 39 
4314 90 
3146 91 
2350 77 
5190 39 
7288 79 
3221 45 
5568 10 
3875 36 
2034 5 
2169 86 
3214 95 
6425 2 
358 70 
4035 1 
410 28 
3739 23 
1269 85 
4114 19 
4513 55 
1957 100 
2933 29 
3296 52 
6191 23 
3539 24 
7027 7 
3261 40 
4254 85 
3293 63 
1006 28 
2464 15 
3807 2 
6138 76 
4438 3 
46 50 
2257 54 
4602 41 
4883 97 
3892 25 
5271 31 
3148 97 
4489 9 
6389 94 
7445 81 
3557 51 
2008 20 
1217 67 
3573 54 
2242 11 
1456 87 
812 64 
1992 13 
5456 74 
4662 100 
1798 32 
630 98 
6081 70 
1558 21 
4064 2 
6001 20 
1304 61 
4991 21 
2879 63 
2374 20 
1573 82 
6258 85 
4097 49 
6649 53 
6475 62 
2752 24 
5094 33 
3421 26 
5054 30 
6346 17 
5332 98 
588 35 
1910 78 
1655 88 
6641 81 
1259 65 
4414 68 
1949 10 
7117 50 
1914 43 
2611 17 
4566 56 
5749 39 
433 55 
3168 78 
3771 99 
1828 59 
6486 89 
2436 40 
7377 28 
2372 87 
7493 85 
6355 93 
6647 23 
7094 60 
2265 5 
4577 30 
112 77 
5020 45 
3831 88 
6174 54 
538 1 
2164 23 
3090 51 
6515 18 
3879 86 
656 23 
7023 10 
2367 69 
4332 61 
6080 96 
3017 8 
4778 28 
2537 97 
2524 19 
1836 98 
4172 74 
550 35 
1896 91 
2286 10 
4308 16 
1148 16 
6590 22 
3325 56 
5690 9 
3416 21 
4456 32 
5129 85 
912 65 
2882 35 
5383 17 
4632 7 
7090 82 
7241 38 
6524 78 
99 32 
4745 98 
5999 34 
7119 23 
5290 60 
7183 57 
7281 39 
5341 9 
4723 52 
3925 56 
1038 59 
2525 70 
1565 14 
2203 58 
1303 26 
7387 2 
3409 32 
1499 7 
7317 70 
2582 58 
4129 64 
4015 61 
5254 7 
6521 29 
6958 45 
284 95 
3604 8 
5016 20 
3774 70 
4177 76 
6148 64 
5329 8 
47 80 
2815 63 
5649 48 
2673 29 
5363 87 
3890 69 
6245 10 
3297 2 
4707 80 
5048 62 
6388 16 
3681 13 
7485 58 
6588 84 
3273 69 
5892 19 
1448 58 
2033 48 
4305 5 
7076 19 
2743 17 
2987 87 
5227 83 
6040 85 
1215 88 
946 54 
3855 78 
466 39 
2687 5 
1323 59 
1673 14 
1777 20 
7271 10 
1567 27 
1014 95 
2797 57 
2311 84 
5243 89 
4566 83 
173 32 
6222 70 
3585 76 
3448 50 
5266 34 
2455 40 
3445 27 
4005 21 
6099 27 
382 17 
4405 48 
6511 2 
4004 22 
5485 98 
210 2 
3232 35 
6034 5 
5556 18 
2232 3 
6168 98 
6489 74 
4289 33 
4100 94 
6505 50 
2272 87 
567 77 
7134 77 
6378 89 
7250 14 
1938 12 
4615 22 
5546 100 
4826 53 
2970 58 
3956 37 
5907 96 
462 47 
3080 61 
1192 84 
6111 64 
322 29 
2640 7 
5105 69 
147 55 
3582 85 
2518 48 
6106 15 
400 83 
1867 69 
692 74 
3857 50 
6469 18 
6997 100 
1378 88 
1836 40 
3003 57 
4368 42 
7316 25 
4862 62 
4531 95 
2046 48 
6843 3 
5314 42 
638 80 
1962 81 
4354 18 
4483 74 
2635 79 
1926 64 
3518 61 
556 21 
4769 23 
3514 84 
4599 76 
4546 81 
670 43 
28 64 
3798 41 
4957 87 
3873 18 
3467 26 
4087 49 
1751 21 
3279 76 
2085 49 
7436 40 
4669 5 
6414 34 
640 65 
409 85 
2845 31 
1980 25 
5146 29 
5917 55 
415 89 
7224 33 
1866 11 
2034 17 
3031 12 
6144 67 
3460 80 
5458 80 
2136 72 
6514 75 
6736 74 
6812 32 
4556 43 
2656 54 
4771 73 
2508 85 
2213 83 
6769 79 
4893 2 
195 76 
6614 90 
2094 25 
3769 52 
7257 56 
4423 70 
6383 10 
3395 46 
2293 51 
4688 49 
1504 10 
4873 63 
4846 85 
3945 14 
3663 90 
5416 9 
6965 81 
399 58 
3657 19 
461 13 
275 83 
1034 9 
6244 81 
2554 37 
3731 93 
4837 86 
6902 9 
5800 47 
1793 44 
7212 56 
2433 27 
664 49 
1007 14 
2307 16 
2933 67 
6928 59 
6502 14 
67 97 
2594 72 
3985 76 
6416 21 
613 17 
3529 12 
1415 22 
1155 26 
2129 40 
5105 44 
3188 11 
1558 46 
978 42 
5965 58 
5400 18 
6071 18 
414 16 
5789 51 
5191 4 
4571 55 
1872 52 
3566 38 
3625 72 
3263 5 
6011 67 
6248 99 
5830 57 
6044 7 
2498 60 
6064 97 
7177 86 
3566 43 
3501 54 
2193 43 
5409 15 
4697 32 
5066 62 
769 42 
4334 84 
4646 96 
3750 94 
3394 31 
1402 90 
6590 100 
4149 53 
3148 26 
7491 14 
2768 91 
7419 12 
2386 80 
1926 82 
2811 92 
6696 80 
7033 81 
6463 31 
4076 64 
5276 22 
2495 77 
7111 36 
3076 11 
4440 76 
6436 30 
4289 55 
6773 59 
4366 58 
7238 44 
91 1 
4635 38 
3832 19 
6870 46 
4901 98 
2061 76 
1119 7 
1853 81 
3842 80 
2191 82 
1355 79 
5211 95 
6885 83 
6406 51 
4992 43 
1394 35 
6395 80 
924 26 
6750 94 
3223 51 
2591 84 
6826 9 
1190 78 
2141 32 
3810 31 
5813 64 
4309 75 
2159 94 
5710 64 
6296 1 
6058 41 
5987 5 
2772 11 
5382 21 
7204 5 
5023 46 
6388 1 
4854 29 
3230 94 
3960 39 
2676 24 
4703 37 
3499 13 
2030 60 
5628 77 
2612 37 
5069 99 
5693 40 
509 75 
1212 64 
3531 87 
209 18 
787 14 
198 16 
2259 10 
3555 34 
4133 9 
3270 83 
5321 51 
7042 100 
2679 54 
4188 47 
2104 81 
6938 12 
5955 50 
527 85 
4588 35 
3254 74 
3500 3 
1889 58 
5312 43 
2043 45 
3903 65 
7279 75 
815 73 
2874 46 
326 14 
2592 29 
794 82 
3892 100 
383 18 
84 70 
4004 89 
2843 3 
4491 31 
4612 55 
1526 54 
3099 28 
3318 29 
6003 85 
7401 28 
5330 78 
6141 73 
1506 34 
6506 49 
5033 88 
18 68 
4357 21 
5008 99 
2875 51 
3282 86 
2005 59 
5492 55 
1586 61 
5683 40 
1997 36 
6668 26 
3513 60 
5451 71 
3594 56 
619 78 
3844 89 
2798 52 
2361 57 
5603 36 
7 84 
4073 11 
3894 16 
4817 79 
1077 100 
3271 73 
7435 90 
1751 99 
5449 53 
6169 94 
1860 40 
372 55 
5128 21 
4107 88 
1177 9 
4075 84 
2444 100 
2046 37 
415 63 
3167 43 
1214 89 
2268 100 
6578 18 
2298 27 
2570 19 
4920 29 
5458 43 
336 37 
6163 42 
776 40 
5502 51 
7375 97 
3202 72 
5633 16 
6486 51 
2811 99 
5440 78 
6550 17 
1595 48 
395 16 
18 15 
6296 75 
1957 31 
6263 72 
2424 38 
6811 25 
3240 37 
7221 93 
6308 5 
1409 46 
4356 71 
4344 47 
648 94 
5663 94 
3593 10 
2961 10 
2724 56 
436 32 
7239 98 
3003 14 
5087 65 
1439 79 
6701 11 
4971 61 
4216 79 
1006 23 
801 1 
7421 48 
6446 35 
2541 38 
1844 53 
6147 67 
4961 34 
599 99 
4631 53 
5712 18 
3618 2 
1896 70 
4865 66 
4882 80 
4597 87 
354 49 
1440 74 
5697 85 
4708 89 
2923 52 
3942 21 
2470 2 
5855 20 
4952 37 
4373 15 
2906 90 
517 53 
2159 33 
1871 93 
4664 19 
4279 17 
2067 70 
4142 63 
4955 1 
6204 29 
5604 45 
6001 74 
2898 7 
1345 49 
5044 17 
2363 1 
5058 31 
2954 69 
5963 24 
4461 26 
2642 91 
6994 8 
4661 35 
3823 67 
2688 26 
6547 91 
4022 47 
216 19 
754 61 
7267 49 
6129 81 
3949 87 
1564 54 
2255 26 
3077 15 
2004 70 
5657 49 
630 17 
2836 52 
2635 23 
5829 81 
5165 50 
6728 81 
1768 33 
5793 86 
2333 21 
218 81 
607 81 
3387 13 
659 63 
7279 14 
3533 36 
1862 14 
7104 97 
7465 39 
1571 93 
3919 36 
6994 98 
3468 13 
7182 60 
498 14 
5032 15 
7147 39 
1348 33 
6203 6 
847 82 
3519 79 
2769 32 
7392 72 
1429 8 
3462 99 
3352 81 
1086 45 
730 53 
2957 12 
5164 6 
2425 96 
1873 71 
7186 20 
3955 88 
5225 2 
3221 95 
532 89 
4326 76 
7213 6 
5483 74 
6457 87 
1906 42 
1883 36 
4595 40 
1899 58 
5997 23 
3805 69 
5246 90 
3588 100 
1878 64 
5353 50 
6610 85 
2439 36 
5160 3 
6893 94 
3028 49 
2180 86 
5891 63 
5273 37 
254 71 
2946 50 
3993 51 
6619 90 
2740 58 
1142 69 
1722 94 
7419 83 
3730 9 
3118 89 
2211 11 
2235 90 
859 14 
375 1 
7328 47 
6289 33 
4169 35 
5183 62 
7337 53 
103 76 
3562 44 
4897 35 
6590 15 
3818 19 
6023 87 
4208 85 
797 94 
2526 8 
1059 1 
4960 87 
7399 49 
6171 68 
5483 53 
3581 19 
5857 35 
6746 71 
3779 42 
4905 68 
308 22 
4538 30 
7009 97 
4766 57 
5390 92 
6016 49 
1544 76 
6187 94 
7224 57 
4361 58 
62 93 
728 18 
1828 25 
6688 58 
2967 45 
6177 74 
4166 14 
956 26 
3311 73 
535 52 
4364 50 
6500 7 
1377 86 
6201 100 
1395 13 
4009 56 
58 88 
6225 85 
2413 65 
5194 31 
7209 70 
6356 26 
7083 11 
4104 45 
3236 38 
1797 99 
3687 48 
4858 64 
3686 10 
5015 80 
4322 76 
6535 31 
3963 59 
3967 75 
875 60 
3105 83 
5529 13 
2161 64 
6975 64 
4560 10 
3401 8 
2809 87 
4856 66 
3502 41 
1427 17 
6120 100 
244 6 
331 6 
616 97 
3081 91 
5957 37 
925 37 
5849 85 
5652 24 
1848 12 
533 100 
419 93 
3687 74 
1210 40 
5166 36 
5908 85 
7236 51 
6642 18 
2857 58 
3214 89 
1248 22 
1177 72 
3359 78 
4109 62 
2553 56 
3073 37 
2556 44 
4130 94 
117 91 
2485 35 
6827 93 
6771 14 
5895 13 
4331 3 
5670 96 
4891 69 
6918 20 
440 28 
3297 100 
1989 49 
1856 14 
285 63 
6257 66 
7208 25 
7457 44 
1859 35 
1936 30 
3548 83 
7042 30 
6785 63 
5625 76 
2331 42 
1595 22 
5521 43 
5022 10 
2091 29 
2775 27 
343 31 
4493 50 
6755 49 
7445 14 
1435 81 
2243 82 
1063 36 
3063 47 
3550 87 
3374 80 
5081 20 
6353 1 
62 74 
1962 52 
954 36 
3379 96 
5118 23 
197 73 
2523 42 
5486 57 
874 80 
290 88 
6067 52 
1134 16 
3390 60 
495 70 
7179 47 
2923 93 
2073 36 
744 26 
7324 74 
4322 41 
1048 70 
665 70 
3511 50 
6378 84 
4081 67 
5171 47 
1370 57 
3614 60 
7368 60 
4581 98 
1159 55 
4490 31 
1443 34 
5108 66 
7059 81 
5058 7 
4151 23 
3028 13 
3224 6 
3397 57 
7424 19 
155 94 
3927 69 
4905 94 
6728 85 
2192 86 
840 81 
2468 34 
3266 76 
1251 77 
856 8 
1135 6 
3382 14 
2871 58 
4919 67 
2966 95 
5037 20 
4988 16 
6888 92 
2961 68 
3228 4 
5353 19 
3185 21 
4052 2 
6748 2 
5830 3 
2962 16 
3961 95 
1330 31 
2004 100 
4449 69 
1294 37 
589 33 
1152 28 
6376 13 
3795 4 
616 100 
3874 52 
820 78 
6806 19 
4579 87 
6521 92 
2303 33 
2939 84 
15 42 
6435 15 
2411 29 
4152 51 
4213 55 
678 89 
7119 73 
4044 87 
4972 17 
590 43 
7194 47 
2413 25 
1586 33 
2016 40 
2118 54 
5223 84 
1248 57 
4299 58 
3237 2 
4360 50 
3956 89 
1890 27 
861 33 
1513 84 
5201 54 
678 95 
7201 90 
6871 86 
3375 86 
4025 44 
5192 99 
5327 91 
3607 25 
300 96 
1926 59 
4497 34 
1047 86 
7160 60 
4818 24 
4295 18 
977 25 
6264 29 
5766 34 
7166 40 
5872 42 
4835 15 
1992 62 
205 99 
3638 4 
2646 16 
4014 42 
1649 60 
6027 60 
4671 96 
183 66 
3565 11 
5290 29 
5892 55 
6814 57 
4047 37 
6951 33 
6451 42 
2894 7 
5892 84 
4862 37 
2299 75 
678 47 
5287 56 
2958 57 
251 92 
3922 16 
2002 63 
4996 45 
2970 61 
3654 68 
6050 4 
6100 100 
3397 46 
1859 89 
5729 20 
1677 27 
6947 7 
3325 33 
6762 82 
7189 65 
773 63 
1032 26 
1877 27 
871 98 
539 24 
2065 88 
6479 65 
2940 75 
7362 50 
3015 90 
2869 44 
6116 67 
4750 92 
5899 63 
7073 40 
1227 97 
6902 58 
7174 30 
7136 44 
3828 75 
3919 92 
5614 49 
5408 5 
4124 69 
3554 90 
2210 75 
2033 25 
6441 34 
1616 40 
997 40 
1779 23 
5588 32 
4481 62 
6513 16 
4657 40 
3142 28 
84 8 
1676 91 
12 51 
2112 66 
3141 21 
1340 25 
3998 80 
2159 65 
3971 55 
3357 49 
5377 44 
4632 9 
5557 45 
5325 66 
6484 18 
345 19 
7425 20 
3410 37 
5523 73 
2354 63 
45 93 
5187 94 
3972 97 
7359 43 
1851 67 
5043 80 
2362 27 
7288 19 
4671 64 
836 6 
3782 80 
425 58 
2051 86 
2494 73 
5910 99 
87 6 
7391 26 
200 15 
2822 58 
2009 73 
976 3 
3252 37 
6929 91 
2607 51 
5855 42 
4309 36 
3473 33 
4693 24 
6270 39 
4448 31 
2237 35 
836 80 
1160 35 
3694 81 
7444 54 
5 19 
2956 8 
4256 85 
3999 14 
5335 53 
1656 43 
3340 80 
5727 32 
2003 48 
5422 3 
6878 11 
2337 14 
7490 96 
100 35 
6328 44 
7088 33 
7314 43 
940 69 
3779 38 
2283 66 
6142 90 
1460 81 
5621 39 
1365 76 
1886 86 
4278 16 
4648 14 
329 37 
1461 80 
6023 88 
6823 10 
6620 37 
7005 12 
2057 83 
3849 91 
3748 43 
4832 60 
3323 53 
2598 87 
1928 83 
3973 5 
4598 20 
5318 78 
4609 78 
3058 31 
5917 32 
93 37 
368 97 
3948 77 
1731 48 
4467 31 
490 99 
890 13 
3603 87 
7351 30 
469 23 
4234 19 
3795 3 
196 55 
6532 5 
1737 48 
3337 29 
1336 56 
277 35 
3832 8 
2135 99 
5190 76 
1449 79 
5288 51 
2065 91 
1932 85 
6665 17 
4155 59 
5919 3 
1565 2 
5307 2 
101 95 
3982 89 
2551 59 
4423 82 
5118 57 
6032 7 
533 32 
237 72 
3882 53 
1162 65 
2537 27 
2181 44 
2137 51 
1246 2 
2104 4 
5855 5 
4251 36 
2493 1 
5446 15 
4534 63 
4824 66 
4721 8 
1897 57 
1379 31 
6109 93 
1795 98 
571 28 
5541 7 
2278 38 
5260 82 
2393 66 
5438 43 
4802 30 
4795 99 
6196 29 
4662 71 
3746 34 
6578 42 
5691 9 
1624 51 
701 71 
2000 23 
5098 40 
2829 27 
4529 41 
1960 74 
1906 97 
3768 59 
6678 63 
7158 26 
1743 71 
6596 88 
3904 26 
2481 46 
3834 5 
4097 86 
5227 96 
3508 76 
4988 88 
6754 68 
3480 14 
5493 86 
7462 61 
2296 92 
1675 53 
1069 17 
5123 64 
256 79 
4689 36 
1324 74 
5692 72 
2111 18 
1720 18 
3945 59 
2158 99 
5278 37 
3264 71 
2374 77 
3883 22 
68 57 
5474 36 
325 49 
152 80 
2327 92 
2167 2 
2418 59 
5626 28 
2628 45 
2646 25 
4255 55 
1123 32 
643 38 
5302 17 
5314 84 
6538 34 
6092 63 
4221 16 
4163 72 
5847 41 
6916 14 
343 33 
7224 20 
6360 3 
3516 57 
6627 70 
4011 1 
2301 6 
2338 3 
5374 52 
638 63 
4385 30 
6625 57 
4497 88 
4329 44 
7480 96 
2209 22 
4428 32 
3993 39 
1986 8 
2496 13 
277 58 
6565 78 
1363 3 
1532 88 
406 69 
1350 42 
250 75 
3598 47 
2614 78 
90 93 
1873 98 
1767 52 
3081 59 
7291 66 
4619 38 
5030 95 
6495 95 
7472 10 
4349 55 
4797 54 
1376 99 
7247 25 
5473 44 
6371 38 
2622 12 
882 46 
109 100 
998 41 
6111 88 
5959 29 
1925 88 
623 71 
6434 47 
5332 34 
6153 81 
5739 28 
6479 85 
1653 3 
181 75 
2740 54 
4687 73 
4999 47 
2825 96 
5688 35 
5635 46 
3515 59 
6485 89 
6182 71 
1287 13 
5256 40 
5493 95 
7467 71 
331 71 
273 11 
7346 64 
2164 32 
3189 15 
678 13 
4510 65 
7447 45 
1862 13 
1555 99 
5301 36 
3969 88 
3101 24 
6527 93 
4070 45 
5564 1 
5816 88 
3763 13 
6552 27 
1544 92 
4441 21 
7104 2 
7438 2 
1798 51 
714 53 
349 14 
2440 17 
3953 40 
4893 31 
5485 62 
7176 100 
4714 43 
7087 77 
1355 90 
6903 50 
6081 95 
2822 84 
2996 11 
2937 46 
2262 50 
5850 10 
1016 89 
5779 68 
5181 71 
6799 65 
3484 26 
5564 98 
1020 2 
1674 26 
344 28 
2975 24 
2622 96 
3460 69 
7407 96 
614 20 
1398 15 
3629 13 
6104 59 
6232 36 
2781 82 
4652 65 
1059 67 
6962 78 
5568 87 
3303 11 
7414 29 
3687 35 
3425 98 
5855 83 
3745 21 
2054 42 
3135 82 
6406 90 
5293 38 
3225 73 
2019 28 
6837 30 
794 50 
4007 62 
5136 62 
3624 1 
3790 10 
5287 66 
4659 42 
7100 4 
314 53 
6045 48 
6187 51 
4038 79 
1440 14 
4551 10 
5342 40 
4239 35 
389 46 
3848 77 
5759 24 
777 48 
4985 64 
614 44 
1057 13 
3047 70 
718 91 
4817 4 
5393 6 
3382 84 
5172 32 
494 65 
2023 32 
6851 12 
4329 99 
6788 39 
874 16 
3487 58 
4979 52 
501 35 
2016 47 
7404 33 
3990 73 
2136 34 
2630 69 
6418 1 
3653 11 
1017 75 
2994 68 
586 75 
2418 25 
113 91 
5141 51 
1648 71 
5402 1 
6358 18 
4547 61 
1502 88 
1185 38 
622 67 
6858 39 
1819 10 
5301 36 
1185 94 
3203 22 
5820 72 
6847 85 
262 39 
7235 61 
4809 89 
1761 66 
2758 60 
1279 59 
5047 15 
6748 68 
3981 6 
4058 100 
1615 58 
1135 51 
1504 89 
2273 75 
160 19 
3459 73 
4957 46 
33 17 
6034 46 
4783 91 
4657 13 
5549 55 
6227 49 
6723 8 
2254 32 
7359 20 
3990 93 
4371 45 
4181 43 
3019 92 
7113 78 
2464 21 
1023 48 
4537 8 
845 71 
7198 1 
4435 98 
6556 62 
246 30 
4721 51 
5613 79 
2923 2 
4423 45 
6446 55 
4139 17 
3146 51 
7294 61 
6023 68 
5808 11 
4427 5 
2582 24 
3505 16 
7073 12 
1529 71 
4893 1 
21 6 
2179 95 
3959 53 
439 57 
5407 77 
2573 52 
7179 18 
4364 1 
7237 72 
112 63 
676 45 
786 32 
7412 10 
3296 41 
5380 88 
6541 53 
3693 72 
6047 52 
5524 86 
1908 31 
2414 32 
3334 93 
4549 98 
293 85 
1721 56 
947 48 
800 84 
3131 64 
7293 26 
1004 73 
5966 96 
1925 10 
5319 71 
1161 43 
5808 20 
5625 22 
5251 10 
1666 51 
6859 10 
5435 31 
66 33 
30 17 
5816 61 
6780 9 
938 35 
2133 3 
4383 57 
413 1 
3379 25 
4395 39 
1197 19 
1260 99 
1681 25 
6450 91 
3734 36 
7322 51 
969 51 
2368 36 
1863 99 
2596 1 
7134 28 
1055 16 
136 19 
5068 67 
744 63 
2905 92 
3333 16 
6090 13 
4792 91 
4904 25 
7127 25 
2528 47 
3427 95 
5082 90 
4245 78 
6942 78 
3757 96 
6745 45 
815 13 
5111 10 
6275 67 
53 7 
2382 94 
5972 73 
1385 27 
7049 63 
5803 76 
6809 29 
5822 90 
5870 19 
3419 11 
4148 28 
4659 93 
124 25 
6557 86 
3586 83 
3452 38 
5141 85 
1131 12 
3209 67 
5838 9 
1229 40 
2537 37 
4721 10 
3779 90 
1128 49 
7253 76 
3428 11 
20 51 
87 76 
136 72 
2110 87 
6161 50 
7123 91 
2214 31 
1158 3 
3292 38 
2395 28 
1775 15 
5537 5 
1556 17 
2953 60 
3292 81 
3422 63 
2431 8 
90 67 
7179 99 
5005 39 
800 28 
4482 13 
6310 91 
2416 1 
5728 62 
428 54 
2128 17 
3258 83 
2833 63 
3843 24 
3943 64 
7138 25 
2124 27 
6643 2 
1925 48 
6493 24 
127 26 
4589 36 
5668 56 
7389 47 
2017 16 
1601 44 
5132 10 
6678 16 
1272 72 
4291 66 
488 28 
643 11 
3654 85 
3264 78 
2784 8 
7154 10 
3433 94 
698 52 
1449 86 
3199 17 
7253 99 
6460 37 
7360 89 
3052 32 
6361 43 
4049 100 
3770 91 
810 24 
4476 73 
4353 11 
5181 58 
1521 65 
5951 70 
417 99 
1655 67 
1067 59 
7265 78 
3995 76 
3367 47 
7107 79 
5741 8 
6778 10 
7198 87 
785 25 
3011 90 
1636 43 
6847 8 
5860 50 
1929 28 
4048 35 
94 67 
2693 10 
2844 88 
4685 10 
5086 92 
7288 26 
5651 17 
4187 48 
5503 72 
873 66 
1461 60 
5760 59 
2219 19 
3808 47 
1746 8 
6581 39 
3174 73 
548 17 
960 33 
3579 97 
876 66 
722 78 
1283 9 
3225 37 
1232 49 
4354 92 
4308 14 
1202 26 
6732 10 
3172 30 
3069 4 
1668 42 
2877 68 
3610 88 
5152 88 
85 79 
3054 6 
2756 88 
4566 32 
176 97 
281 82 
7340 40 
5995 94 
1318 78 
4903 41 
3907 71 
4445 27 
5564 21 
5494 73 
2508 97 
1361 44 
5727 66 
1102 82 
5305 67 
5813 32 
2816 45 
213 7 
885 7 
1400 54 
1637 54 
4394 43 
4476 38 
2469 39 
10 14 
3064 18 
162 24 
2813 88 
6541 14 
5721 45 
933 86 
28 48 
330 41 
5254 66 
5299 6 
1119 35 
3159 13 
3830 35 
5702 50 
2673 12 
3316 36 
7081 77 
1511 93 
717 51 
5159 37 
3747 91 
674 75 
1190 4 
2867 95 
7421 17 
3300 92 
6452 59 
4256 33 
5445 57 
6782 17 
7020 97 
5205 100 
4926 67 
345 42 
4970 55 
3430 16 
2945 4 
3842 86 
3959 60 
780 31 
5077 80 
2622 28 
1890 77 
4512 34 
686 93 
6802 57 
5242 58 
4509 19 
1425 53 
6012 46 
1707 41 
6461 3 
4896 55 
6488 6 
7214 19 
2937 90 
1550 10 
169 91 
2639 32 
2124 24 
7325 78 
2380 18 
2487 88 
5436 63 
3092 47 
508 50 
4739 21 
6004 87 
6327 43 
1192 40 
2462 28 
2182 11 
1038 2 
6302 76 
4734 77 
5851 10 
6406 82 
6179 93 
5322 66 
3007 13 
5764 15 
3415 2 
687 18 
3988 13 
5761 80 
5552 22 
659 85 
3584 48 
6639 37 
3075 24 
1014 25 
4985 71 
7359 63 
6515 80 
5480 22 
4944 43 
4388 58 
5596 74 
2776 84 
4586 88 
6115 89 
6961 25 
6926 96 
5025 64 
3133 99 
1287 98 
876 23 
1768 34 
137 83 
5913 16 
2804 8 
1858 43 
3066 53 
3616 93 
888 1 
4580 54 
1041 92 
2831 66 
4787 55 
6529 19 
953 67 
3416 28 
3141 36 
1413 77 
4818 77 
1392 73 
885 1 
5015 50 
2054 30 
7494 93 
682 25 
6499 22 
6316 29 
2188 54 
2183 68 
2873 87 
5587 40 
2667 27 
1675 79 
4504 44 
2756 95 
3168 92 
6848 82 
6441 1 
663 34 
2045 96 
1210 43 
1918 25 
2871 57 
2478 5 
1876 2 
5892 62 
694 58 
1189 20 
5136 44 
6564 43 
1790 31 
1734 37 
1765 26 
1389 27 
4811 34 
2623 20 
4476 92 
4896 99 
5200 26 
2603 75 
1779 46 
7037 72 
903 77 
3692 91 
2972 7 
2985 13 
2689 71 
4750 53 
3096 90 
5732 59 
923 6 
4130 51 
1949 26 
1801 48 
6603 3 
6722 81 
4249 10 
2205 3 
3538 48 
1393 61 
6354 78 
1474 94 
6800 23 
4847 95 
3712 30 
505 87 
1635 35 
6589 83 
6160 89 
3230 62 
4143 3 
4994 91 
5265 98 
4894 54 
4445 38 
5515 50 
867 88 
2544 66 
4562 42 
1413 25 
671 17 
1963 57 
6551 51 
3591 62 
1939 72 
675 82 
6974 69 
5824 90 
5366 69 
3744 63 
6059 58 
2164 25 
97 59 
5943 10 
2300 7 
1986 22 
623 49 
1830 26 
4999 20 
2587 90 
3591 62 
3223 17 
282 98 
5506 99 
2467 1 
5661 25 
1210 77 
6801 58 
2735 95 
3667 87 
2801 53 
5708 76 
2101 90 
7153 51 
4309 39 
3092 52 
4352 14 
1168 85 
6712 25 
484 30 
6126 96 
406 87 
4172 58 
6345 7 
2653 11 
2145 5 
7015 4 
5432 67 
5593 84 
6418 2 
6175 61 
1653 78 
6027 72 
5363 90 
7196 46 
4619 73 
2193 24 
3360 65 
2433 4 
4623 85 
3566 67 
742 81 
5970 73 
3547 63 
2609 16 
5316 35 
2177 20 
2012 55 
7491 26 
3644 86 
3423 62 
4359 16 
4637 70 
4480 69 
1273 54 
3506 90 
7220 47 
6770 41 
1771 69 
7455 79 
2984 70 
4513 12 
3589 77 
3566 31 
4102 61 
969 25 
6822 79 
5640 10 
3248 71 
1231 72 
776 36 
7061 47 
334 31 
3887 56 
6851 42 
4187 86 
463 51 
5198 4 
5427 15 
5334 81 
6176 54 
7257 49 
1832 96 
6011 79 
5718 93 
950 93 
2180 11 
5839 13 
5693 77 
3468 43 
3770 6 
5080 33 
6557 77 
5988 35 
1744 73 
4215 71 
327 71 
2471 58 
718 33 
6089 87 
5925 90 
4279 4 
6400 69 
1968 44 
1398 88 
7338 67 
3293 18 
751 49 
6546 90 
5684 41 
763 98 
5263 41 
5221 34 
950 38 
66 38 
3725 43 
5428 55 
5446 79 
7176 14 
5475 25 
3053 12 
5091 45 
1581 94 
1194 79 
2783 29 
6619 97 
6978 82 
1189 98 
3467 39 
1988 84 
528 64 
7226 55 
2770 24 
486 45 
2789 60 
1221 41 
2623 12 
4685 56 
2357 30 
2534 39 
1810 4 
6388 88 
3737 76 
4837 55 
2214 24 
939 42 
3887 16 
48 9 
2391 85 
6805 31 
4196 26 
2371 71 
6837 8 
1226 45 
1989 11 
5683 99 
1966 22 
3938 3 
3498 74 
3109 63 
6950 47 
6156 36 
2415 4 
196 57 
4440 1 
188 36 
26 10 
6806 14 
7317 83 
6258 58 
1993 92 
3308 10 
6714 45 
7364 11 
1018 73 
7273 67 
5871 29 
2655 85 
3484 50 
3294 23 
2350 81 
410 27 
4890 15 
6940 59 
5449 49 
4216 93 
341 23 
1603 54 
7267 66 
1116 36 
3290 88 
6455 61 
5668 9 
1297 3 
3310 90 
7278 12 
6922 87 
5738 12 
6254 30 
370 54 
1078 37 
1847 18 
2311 49 
7323 29 
3766 38 
564 56 
678 18 
68 97 
7478 16 
5700 40 
3658 29 
6651 79 
4515 40 
7390 20 
269 11 
5174 99 
1399 72 
468 9 
1820 91 
4637 37 
1228 53 
2844 57 
2422 11 
5954 52 
1979 53 
3391 36 
981 41 
1214 47 
6280 56 
5319 1 
6566 44 
5599 65 
215 66 
3025 86 
5208 14 
5322 36 
3066 66 
7192 39 
2428 97 
5590 6 
1149 80 
1393 81 
2872 7 
4180 52 
2562 50 
5904 79 
2693 2 
7295 7 
1419 20 
3792 27 
1833 65 
4414 98 
7482 57 
588 62 
7454 78 
4519 54 
6509 12 
7287 81 
1018 66 
3532 31 
3667 87 
1761 59 
4788 56 
617 58 
4375 60 
3036 7 
3724 49 
2456 58 
1758 43 
3819 11 
572 37 
516 81 
6748 2 
1461 17 
3119 44 
399 85 
4630 60 
4495 69 
3715 11 
5826 41 
7222 62 
5647 46 
162 54 
4855 19 
1348 73 
2481 72 
2009 49 
352 9 
1002 64 
5577 73 
4507 76 
2257 88 
635 4 
1256 1 
3214 33 
2641 36 
6146 39 
5233 60 
6592 39 
5930 91 
2611 11 
62 71 
1611 65 
3579 12 
7428 56 
5584 86 
6483 93 
2625 69 
4796 32 
1669 61 
1165 9 
1148 62 
2799 32 
3821 42 
6670 3 
32 32 
2013 46 
4103 75 
5710 81 
5086 90 
688 22 
6627 70 
1214 52 
5638 61 
4483 58 
3073 99 
1818 21 
3161 16 
804 33 
5357 74 
6935 41 
605 99 
3186 59 
1625 47 
2592 11 
4736 79 
84 15 
1801 49 
4466 90 
5009 48 
4948 81 
5947 65 
3653 59 
2733 9 
5143 89 
3282 30 
3681 38 
2580 18 
5149 5 
5965 40 
2267 52 
2370 50 
4766 70 
2498 31 
2960 58 
2031 7 
5790 29 
6023 95 
6139 55 
4103 81 
696 36 
6062 76 
325 94 
2594 73 
4198 10 
4564 16 
813 34 
165 31 
3603 14 
5013 62 
6723 43 
5820 64 
6371 95 
4658 61 
4449 12 
142 96 
6347 55 
872 24 
5048 17 
3496 97 
1078 60 
5912 90 
7493 28 
6320 47 
5293 33 
361 15 
2227 80 
879 50 
1874 88 
3810 75 
4500 3 
1670 98 
358 93 
221 57 
2561 69 
4854 38 
3128 65 
4380 72 
693 99 
4418 85 
5883 30 
1852 62 
2310 82 
6911 35 
4821 20 
7061 20 
4875 83 
4018 32 
1475 90 
840 36 
5658 93 
6525 37 
1458 4 
960 2 
5455 78 
5838 89 
359 41 
2150 68 
622 12 
4555 43 
3632 67 
6114 58 
3049 83 
3941 76 
4573 80 
7411 82 
2973 87 
1719 82 
1191 78 
4283 97 
6907 72 
685 66 
513 35 
1285 34 
3246 39 
5428 29 
158 42 
4438 6 
5524 78 
6581 48 
5658 43 
3030 30 
3130 48 
3263 72 
6277 45 
1168 84 
1516 4 
5449 80 
2390 85 
2014 88 
2776 93 
1568 33 
2834 6 
6138 10 
6883 71 
9 40 
1913 38 
5021 94 
6637 83 
5917 14 
7179 84 
2449 47 
6640 49 
926 29 
4833 91 
6016 8 
6936 84 
3040 69 
4941 78 
830 23 
5748 39 
715 12 
2728 87 
2906 65 
4222 74 
6130 52 
6110 78 
2798 49 
326 76 
6777 58 
3218 45 
4118 53 
3080 57 
3774 20 
186 3 
3694 85 
4293 60 
3797 21 
347 54 
237 20 
5727 66 
6171 36 
6295 21 
936 20 
2896 65 
3129 65 
3209 46 
118 40 
5755 91 
4511 40 
7345 56 
3225 38 
2816 73 
2510 14 
2778 46 
5433 56 
463 55 
3044 57 
3275 79 
4728 22 
3043 56 
2487 3 
6454 56 
1594 8 
4198 4 
3147 42 
4512 23 
7031 27 
2447 92 
692 24 
3637 24 
3932 51 
430 75 
2207 57 
2305 86 
78 100 
6142 16 
654 95 
2871 48 
1154 68 
7203 100 
2462 14 
875 92 
2892 73 
2884 83 
6249 72 
1058 80 
823 88 
1006 81 
4044 10 
167 73 
9 60 
4389 63 
1606 11 
1762 59 
4531 16 
5910 92 
3382 36 
335 73 
309 18 
2356 57 
7442 65 
1736 16 
3752 41 
348 47 
4902 14 
2120 11 
4525 60 
4425 30 
2822 38 
240 52 
5353 50 
6843 86 
4285 78 
6359 93 
1747 66 
3649 88 
2330 36 
1303 34 
6976 51 
4080 78 
1016 51 
640 41 
2910 16 
3022 32 
305 62 
4435 9 
763 78 
4595 47 
2307 53 
992 53 
2370 40 
5741 99 
1376 95 
2132 3 
45 64 
2932 13 
2614 23 
4305 76 
6338 26 
1459 42 
1939 93 
3651 1 
1022 97 
248 28 
3049 91 
7381 70 
4730 73 
1468 57 
2867 52 
3512 64 
15 95 
1676 80 
218 32 
4707 7 
3509 65 
3401 48 
3410 51 
7000 31 
5499 99 
259 99 
6189 91 
4168 71 
3463 35 
7227 29 
6938 90 
6944 4 
7385 71 
7284 2 
4802 90 
5508 11 
2007 8 
5110 16 
7310 9 
1198 60 
3208 56 
4058 96 
446 25 
4166 60 
6360 45 
441 49 
4834 84 
2953 70 
7355 88 
2523 8 
4929 83 
4318 35 
7142 79 
3702 4 
5388 100 
2463 95 
5207 21 
1842 5 
7245 60 
7264 56 
104 4 
2105 89 
6440 9 
6211 94 
5496 33 
2301 76 
615 71 
1211 57 
6249 64 
6060 36 
15 22 
4082 74 
42 76 
1078 39 
987 93 
3594 90 
6249 98 
3730 88 
958 92 
2833 53 
2525 85 
729 91 
1955 91 
1099 56 
3406 58 
2543 21 
7032 77 
6346 25 
2752 23 
4563 38 
5967 9 
3679 67 
4058 60 
106 16 
52 90 
2820 28 
5775 100 
3418 81 
3190 17 
6136 48 
3026 31 
220 9 
5507 65 
7334 10 
5339 48 
2199 5 
2756 29 
6224 66 
3488 29 
3181 91 
619 100 
3818 93 
900 88 
4325 41 
1956 61 
7240 81 
2991 59 
6390 49 
6523 75 
6958 61 
822 56 
7018 30 
5236 41 
595 23 
4569 27 
2466 39 
1126 35 
1783 77 
2574 8 
2670 29 
420 9 
2010 62 
2368 51 
2110 42 
4825 19 
3455 98 
926 72 
5779 61 
64 25 
6235 84 
351 100 
23 29 
5187 57 
1205 60 
6764 26 
4789 35 
5135 50 
7148 54 
5400 9 
5447 76 
1027 1 
6073 52 
3224 4 
6964 87 
928 99 
5623 79 
5750 97 
1607 36 
5153 63 
3696 69 
4389 36 
655 75 
4337 3 
6080 36 
911 26 
3811 90 
4279 35 
2741 54 
4438 57 
993 66 
6755 15 
5496 4 
3611 54 
7292 15 
116 39 
3383 56 
2174 38 
4230 10 
4340 61 
97 2 
4539 59 
4891 17 
3993 84 
6522 83 
40 14 
4000 94 
6628 95 
3149 90 
448 40 
1705 15 
5278 39 
2771 3 
476 52 
4164 67 
13 60 
6621 51 
7018 11 
4719 63 
1846 40 
2145 85 
3754 96 
30 33 
6990 31 
2175 89 
3822 79 
5703 100 
6669 73 
6754 97 
5677 18 
1015 89 
177 35 
1591 47 
2998 9 
909 43 
1400 5 
5580 5 
6900 61 
5738 41 
5343 12 
4029 65 
3142 83 
3264 10 
908 17 
806 84 
4786 21 
3624 15 
807 66 
2361 4 
1726 21 
7499 25 
2877 30 
7130 28 
1390 19 
6368 33 
4630 48 
897 23 
2830 12 
1432 89 
4380 90 
1672 66 
1762 47 
4332 68 
712 92 
6372 37 
164 22 
4414 40 
2151 43 
4167 40 
761 86 
1624 42 
3633 72 
2216 14 
3235 47 
403 15 
3588 26 
632 49 
5073 63 
417 36 
3006 40 
7073 69 
3361 86 
6208 11 
6880 26 
402 92 
3611 26 
2085 95 
2249 100 
2760 84 
6798 62 
5598 86 
2940 81 
7086 12 
1395 2 
3999 100 
4493 71 
68 53 
6408 27 
4715 39 
5704 17 
2482 66 
5994 66 
6760 42 
1365 19 
5077 15 
4033 26 
1252 72 
7106 37 
6335 100 
7191 33 
5399 83 
5256 18 
3388 15 
796 2 
154 99 
5718 35 
7164 63 
6053 75 
3805 69 
7294 81 
5783 78 
3407 34 
2149 64 
6723 35 
1716 65 
2667 14 
1947 74 
2784 34 
2289 79 
4788 94 
2578 5 
2780 93 
4920 32 
6368 24 
101 13 
1456 35 
190 14 
3121 38 
5578 95 
1024 93 
6459 42 
5758 5 
1816 93 
5091 56 
3472 30 
4249 1 
3086 80 
4845 5 
7212 12 
1728 64 
1224 36 
2250 13 
4601 70 
2602 30 
6564 77 
174 22 
5019 84 
5279 34 
4676 21 
2289 99 
2950 89 
3251 35 
3768 96 
6540 31 
4307 19 
7346 83 
506 48 
4647 7 
6317 1 
6636 33 
1077 10 
1106 95 
4093 36 
5428 20 
6956 68 
7119 57 
3308 69 
6144 28 
3464 83 
7110 23 
3653 56 
2357 59 
6755 3 
617 71 
4455 52 
1155 32 
5413 61 
4126 57 
6348 6 
977 4 
6325 95 
5912 33 
2315 55 
560 31 
1089 69 
2605 42 
5976 61 
252 30 
3315 68 
2153 70 
6971 59 
5801 36 
3271 78 
4592 19 
2183 68 
6774 8 
5014 85 
3140 81 
2240 51 
3311 80 
1571 15 
6921 99 
2227 24 
2980 41 
6891 32 
5810 14 
7291 10 
1449 13 
5388 40 
4031 22 
2960 4 
7429 25 
989 20 
5505 80 
3322 67 
4259 93 
4933 32 
3791 59 
1055 70 
5200 98 
3254 9 
3363 96 
6471 11 
3808 10 
2202 91 
2131 13 
2494 12 
2190 34 
1683 46 
3265 5 
6713 76 
1249 45 
1407 91 
3804 13 
2012 55 
6962 65 
3863 76 
6012 85 
6486 72 
4894 40 
362 77 
2904 55 
6788 93 
4041 70 
4139 57 
4826 3 
5032 74 
6347 90 
2464 2 
5455 76 
708 16 
1092 71 
5444 4 
5107 29 
7127 53 
3320 88 
7229 24 
1694 16 
3816 34 
6337 6 
3243 15 
1508 74 
1088 7 
6064 4 
7060 18 
6879 68 
285 70 
3690 28 
6425 96 
1509 51 
2648 80 
4890 76 
2403 84 
243 71 
3669 32 
3228 11 
446 36 
185 85 
3942 100 
2788 1 
469 66 
3768 5 
1488 57 
4185 64 
105 45 
4167 52 
724 56 
3980 79 
639 74 
7049 60 
7357 76 
2570 54 
6363 6 
7039 56 
5557 26 
5157 25 
3344 76 
4482 83 
6585 66 
2946 89 
5710 64 
792 85 
20 23 
7263 10 
6697 63 
2669 5 
7291 91 
4559 53 
4548 97 
309 5 
5274 17 
7481 17 
4592 62 
4799 28 
4479 97 
1716 40 
5060 60 
6825 79 
4982 39 
3441 30 
3602 61 
935 92 
403 45 
2044 51 
7293 4 
6407 66 
5520 39 
6183 64 
2201 33 
3991 31 
1429 59 
7071 89 
4770 47 
2919 51 
3185 11 
4133 86 
2672 67 
1529 74 
763 25 
6876 55 
3628 34 
5620 100 
2373 54 
1963 25 
5487 5 
1455 67 
715 77 
3607 84 
5123 78 
6587 8 
3088 19 
6445 11 
7137 74 
6537 99 
1750 12 
953 77 
1898 24 
5876 70 
1078 90 
194 16 
2847 48 
3682 13 
377 89 
397 99 
4018 35 
5158 5 
1553 55 
4216 89 
2280 4 
439 29 
6867 43 
757 64 
5666 85 
5533 43 
4674 78 
4658 72 
6226 92 
1285 2 
5832 33 
3452 49 
5219 10 
1953 71 
4064 20 
6811 95 
7123 1 
1723 90 
6343 79 
6605 8 
463 38 
3751 89 
1715 60 
2860 92 
6951 96 
4745 82 
2380 97 
6482 98 
658 35 
5720 73 
4806 30 
1267 81 
3630 41 
1122 24 
4319 26 
5832 34 
3715 34 
122 82 
693 33 
3573 96 
3681 70 
3129 60 
6718 11 
5010 75 
1897 29 
2299 2 
7111 17 
1334 92 
4257 7 
3416 75 
385 47 
3560 99 
2680 81 
880 24 
4366 5 
1219 46 
1826 48 
6605 43 
6458 66 
917 54 
6195 67 
6407 5 
4483 93 
396 39 
399 11 
1165 83 
4409 25 
4882 40 
7257 13 
664 22 
6769 82 
4667 94 
5081 24 
2136 90 
5589 4 
2595 83 
3970 2 
1439 4 
594 87 
1042 44 
3349 59 
627 58 
4635 60 
6197 91 
324 60 
1013 93 
94 31 
7038 26 
7154 74 
6916 43 
2429 10 
877 51 
3511 68 
5054 56 
1854 48 
1652 2 
4858 78 
4311 92 
5489 60 
6382 12 
71 46 
4256 64 
3277 94 
4190 82 
4319 57 
5876 99 
4466 53 
3349 29 
6772 55 
2284 25 
3554 87 
5178 11 
5064 41 
2902 52 
2700 35 
216 22 
6881 23 
638 57 
7116 79 
4438 86 
6135 66 
7237 100 
918 85 
2428 41 
1691 64 
6517 44 
6350 46 
6154 66 
3886 55 
4669 37 
1042 36 
7059 22 
7059 48 
1930 26 
2726 19 
812 60 
6884 100 
3311 53 
1336 39 
5693 27 
654 9 
770 55 
255 76 
7472 92 
6182 41 
7281 23 
876 91 
6496 34 
4738 25 
5960 63 
6144 23 
174 79 
5022 84 
3532 57 
574 76 
735 79 
5285 57 
5934 91 
6132 5 
6234 65 
1897 14 
3388 73 
4204 35 
2058 41 
2160 69 
255 55 
3843 28 
4033 16 
3912 16 
5425 37 
6992 59 
3416 28 
6515 49 
518 98 
6605 51 
6515 2 
5265 54 
2626 20 
2488 35 
1113 47 
1756 67 
4301 98 
647 86 
5814 10 
6101 38 
6746 44 
2396 61 
571 63 
3361 88 
3112 18 
6691 26 
1171 7 
3379 48 
4126 67 
6182 38 
1865 37 
5457 18 
6035 3 
4703 100 
2012 55 
6937 9 
6599 84 
2770 69 
7298 82 
7109 62 
6299 99 
3887 69 
957 18 
2616 34 
3336 50 
1672 100 
586 80 
1569 72 
3434 71 
23 45 
7278 59 
4405 76 
6495 74 
4896 44 
4656 4 
6905 6 
2154 44 
2275 62 
761 42 
5896 48 
3891 19 
647 29 
4898 68 
152 31 
7338 75 
5127 67 
5985 31 
4842 79 
557 90 
1475 64 
4445 79 
6369 51 
3022 43 
7412 34 
3737 7 
5581 27 
4725 80 
2307 22 
6147 59 
1804 36 
2633 30 
3303 17 
313 96 
4948 69 
6937 74 
4932 82 
6152 52 
1832 26 
2647 95 
2011 83 
6402 44 
5361 26 
4023 68 
4600 21 
2626 3 
5208 10 
4685 62 
4078 49 
5710 77 
3569 46 
5650 52 
379 54 
2503 10 
2531 49 
1657 41 
4031 58 
3484 44 
3035 58 
911 34 
6730 88 
5389 38 
6497 25 
4299 26 
5273 8 
2303 41 
6506 4 
44 84 
2457 46 
446 87 
6547 2 
2028 77 
2659 63 
3820 93 
3221 82 
4679 50 
5969 67 
5739 17 
3991 38 
5743 15 
3897 45 
807 2 
7348 50 
2286 57 
2247 83 
6143 93 
3684 22 
3222 42 
3885 93 
3386 57 
1975 64 
7258 95 
1982 97 
3112 24 
6886 54 
5438 34 
750 96 
5036 49 
5945 73 
605 44 
255 100 
836 38 
5121 57 
1631 57 
1302 68 
5165 28 
4432 23 
1422 13 
2919 33 
3737 56 
4738 26 
3289 39 
5622 76 
3788 18 
5848 44 
2461 54 
195 49 
243 68 
5057 25 
4524 58 
4593 89 
985 76 
5963 59 
6788 33 
4643 76 
1388 81 
1254 76 
5071 75 
4352 10 
1144 51 
3454 5 
5357 100 
5753 51 
6667 9 
5176 91 
1019 20 
4731 55 
1495 93 
2113 34 
3425 56 
362 64 
7488 15 
839 58 
7341 42 
5268 84 
4445 73 
3440 1 
2572 44 
6751 91 
2705 78 
4281 23 
4397 63 
3429 43 
2407 42 
4377 83 
4797 38 
846 36 
5204 36 
45 44 
3430 64 
4879 74 
4236 19 
2674 60 
214 76 
6250 18 
2906 82 
5492 54 
1096 21 
3397 54 
5814 73 
7036 10 
3862 33 
5597 65 
6120 41 
6608 49 
2305 86 
2422 92 
3656 47 
2403 70 
3575 4 
5639 80 
1885 31 
5133 32 
3903 81 
4185 16 
153 72 
4177 66 
656 73 
4430 28 
6765 89 
176 69 
5227 50 
6961 82 
5396 15 
4103 22 
719 94 
6801 55 
3576 86 
3287 78 
3166 23 
1045 71 
247 73 
5036 54 
6345 18 
5381 61 
3206 9 
4882 32 
5858 94 
1166 5 
3908 20 
2927 26 
5213 79 
6081 88 
4364 19 
117 82 
7041 61 
7404 39 
5233 39 
5893 29 
4608 73 
7390 14 
7033 71 
97 90 
464 14 
495 23 
4234 73 
349 98 
3351 29 
2086 67 
7147 2 
4300 39 
2215 3 
3030 47 
493 22 
1728 1 
4046 69 
4266 79 
4091 14 
320 54 
3328 66 
276 13 
1938 76 
7210 41 
4756 95 
2059 54 
2849 58 
1293 63 
1912 22 
3861 56 
4595 40 
6356 92 
4908 73 
3570 98 
5187 90 
4903 66 
3555 31 
6278 45 
3506 87 
985 62 
6634 95 
4015 34 
752 59 
4748 15 
7332 60 
2770 26 
4400 78 
4418 7 
1302 39 
3305 88 
2080 59 
5205 35 
3589 82 
1331 95 
1321 67 
6708 6 
3061 22 
139 64 
7381 86 
4178 12 
3697 99 
2990 96 
6276 7 
2403 78 
5597 59 
5417 77 
4117 22 
4663 58 
5955 93 
5004 27 
7159 11 
5432 71 
7432 22 
3086 64 
659 15 
4728 56 
4413 17 
3803 41 
6475 5 
2118 71 
2115 86 
4747 84 
859 61 
2993 66 
6753 96 
4292 63 
4706 76 
5685 37 
4349 70 
2153 60 
7384 80 
7067 97 
5948 69 
6337 74 
2074 6 
844 40 
5043 43 
6975 2 
5203 67 
2919 8 
2962 62 
1070 67 
7137 7 
3656 38 
6876 60 
6697 60 
4039 15 
2408 38 
983 96 
5111 8 
7401 6 
4948 43 
1748 74 
2196 3 
5741 14 
462 54 
3676 83 
221 64 
5989 28 
3853 65 
7387 49 
3476 77 
663 83 
2966 98 
5978 76 
2405 30 
5381 4 
2172 81 
1978 20 