1500
1000
472 107 
278 143 
625 129 
504 10 
686 136 
296 75 
493 118 
669 58 
489 143 
164 40 
40 2 
426 74 
364 110 
451 11 
18 44 
597 91 
1 26 
233 77 
155 38 
138 90 
624 133 
216 118 
700 36 
677 138 
478 90 
79 119 
593 55 
43 57 
516 43 
367 83 
738 115 
624 138 
291 8 
215 47 
46 104 
136 121 
387 103 
590 36 
438 66 
376 15 
207 4 
283 49 
560 77 
607 26 
21 126 
460 9 
390 33 
348 132 
393 14 
328 138 
118 65 
708 54 
17 97 
441 4 
664 118 
220 120 
122 53 
520 133 
429 77 
210 52 
202 70 
60 43 
604 107 
475 96 
571 104 
683 140 
469 92 
43 87 
38 85 
541 3 
503 62 
422 76 
114 42 
508 145 
170 118 
196 71 
239 7 
165 92 
615 39 
338 37 
645 22 
326 63 
114 120 
51 53 
55 43 
56 107 
555 79 
32 68 
270 141 
414 139 
108 61 
411 98 
419 126 
40 134 
66 129 
320 110 
202 98 
674 67 
217 125 
420 121 
167 77 
77 121 
155 10 
241 27 
601 106 
465 10 
467 28 
258 135 
303 49 
20 120 
627 40 
680 130 
189 55 
347 105 
179 68 
676 98 
444 54 
270 50 
64 112 
226 64 
368 143 
223 84 
20 82 
570 74 
730 140 
245 58 
531 24 
638 119 
731 84 
373 9 
601 50 
458 46 
254 128 
95 17 
89 21 
582 6 
613 54 
141 84 
136 111 
509 115 
152 3 
675 82 
529 112 
650 59 
45 24 
667 97 
524 75 
142 27 
704 138 
695 42 
158 76 
100 72 
579 90 
605 16 
552 115 
33 103 
718 107 
634 46 
120 135 
254 14 
9 72 
12 82 
498 55 
160 1 
342 104 
95 50 
629 44 
473 59 
35 80 
727 137 
644 61 
141 11 
317 25 
708 38 
511 61 
553 121 
335 114 
652 82 
318 113 
135 111 
516 131 
10 146 
376 85 
407 110 
14 83 
598 57 
743 139 
518 61 
365 25 
698 27 
288 50 
598 22 
665 101 
305 134 
514 41 
94 31 
621 6 
627 96 
540 133 
258 103 
267 7 
61 109 
445 30 
521 111 
655 18 
490 94 
569 37 
17 85 
437 21 
668 102 
362 11 
433 134 
466 9 
432 7 
193 89 
409 9 
395 20 
319 142 
649 89 
454 5 
158 43 
300 28 
529 16 
412 118 
239 29 
369 52 
339 103 
35 107 
313 68 
263 55 
6 124 
565 3 
345 133 
444 145 
221 147 
750 130 
692 51 
307 72 
569 118 
639 57 
296 10 
610 87 
262 96 
643 125 
314 57 
681 19 
382 46 
321 126 
628 66 
571 1 
115 22 
430 56 
72 137 
127 40 
306 68 
298 54 
227 7 
440 90 
403 84 
664 18 
42 47 
636 124 
692 109 
399 119 
526 121 
621 40 
742 53 
297 116 
241 26 
657 96 
393 55 
749 71 
713 40 
662 117 
723 28 
284 67 
374 72 
40 15 
330 138 
485 7 
611 56 
347 2 
258 95 
619 100 
270 76 
645 114 
332 44 
86 144 
285 148 
613 108 
175 146 
624 98 
667 115 
464 148 
304 100 
305 14 
155 103 
16 14 
497 34 
113 69 
11 60 
632 42 
605 118 
238 139 
317 100 
748 41 
245 73 
640 64 
487 105 
361 41 
504 117 
204 111 
121 121 
626 18 
57 41 
236 119 
700 19 
11 104 
38 98 
294 54 
347 142 
446 43 
116 35 
706 3 
641 69 
245 95 
537 50 
655 58 
621 80 
127 129 
120 114 
697 121 
34 9 
576 72 
556 120 
425 54 
13 121 
299 128 
57 6 
332 98 
524 126 
342 63 
626 148 
172 98 
729 148 
728 1 
613 126 
121 46 
585 149 
717 142 
20 144 
496 32 
114 96 
511 72 
251 145 
469 77 
270 112 
289 47 
611 62 
196 140 
359 75 
290 123 
51 12 
70 35 
310 37 
626 29 
382 123 
712 97 
368 23 
618 19 
167 89 
597 38 
702 135 
137 113 
196 84 
402 6 
459 91 
330 59 
304 99 
393 14 
37 20 
192 118 
593 4 
514 60 
228 82 
430 146 
672 126 
385 23 
12 123 
435 109 
57 138 
714 117 
730 45 
625 134 
294 19 
147 30 
488 90 
748 82 
445 61 
142 72 
494 23 
269 17 
449 54 
640 62 
378 76 
621 134 
364 36 
550 43 
81 26 
626 74 
246 74 
305 134 
314 2 
665 8 
415 108 
282 60 
581 100 
527 31 
55 18 
294 133 
693 14 
116 6 
702 118 
251 32 
645 126 
7 141 
102 11 
476 115 
215 90 
24 29 
400 5 
740 132 
105 66 
64 9 
533 57 
591 78 
123 9 
383 74 
178 33 
457 72 
361 65 
564 12 
375 139 
478 41 
281 51 
421 80 
56 111 
113 62 
528 26 
670 63 
532 113 
740 54 
23 72 
329 50 
607 35 
623 119 
99 137 
632 76 
327 59 
266 7 
461 87 
138 118 
699 100 
629 26 
425 1 
388 109 
615 129 
64 37 
703 93 
438 11 
29 62 
729 30 
700 62 
555 127 
172 122 
133 32 
710 23 
750 110 
122 80 
736 149 
380 125 
309 94 
306 72 
130 108 
366 19 
418 95 
81 96 
476 30 
209 32 
306 80 
303 41 
261 15 
663 12 
124 86 
92 11 
136 21 
38 144 
317 43 
66 146 
600 33 
217 117 
29 147 
264 54 
326 22 
385 84 
453 140 
274 113 
154 88 
177 29 
525 118 
340 61 
340 129 
706 56 
321 21 
704 72 
406 20 
38 134 
68 53 
188 93 
726 24 
228 128 
463 103 
742 68 
242 18 
97 17 
37 38 
279 77 
16 84 
634 88 
607 39 
459 112 
710 98 
695 27 
750 34 
22 27 
658 99 
356 122 
704 47 
542 45 
117 38 
563 3 
277 91 
131 44 
677 67 
581 83 
555 139 
396 65 
386 92 
143 137 
28 14 
665 137 
15 120 
258 118 
218 49 
162 34 
288 125 
89 16 
417 69 
59 95 
187 39 
79 44 
529 24 
460 14 
18 2 
502 45 
368 116 
331 134 
685 40 
701 3 
591 14 
88 30 
40 26 
646 59 
747 104 
3 33 
195 82 
526 123 
157 85 
489 24 
439 90 
218 108 
258 150 
391 42 
692 93 
696 82 
406 34 
261 48 
209 6 
458 107 
462 10 
740 56 
143 117 
230 150 
704 118 
473 144 
560 143 
401 67 
44 41 
610 135 
733 106 
516 140 
191 79 
389 1 
534 96 
558 95 
556 149 
502 98 
265 132 
247 120 
301 22 
563 12 
216 63 
528 109 
605 140 
596 137 
545 61 
179 37 
739 117 
337 125 
663 144 
721 18 
292 23 
17 9 
56 16 
330 108 
539 143 
420 4 
707 99 
614 14 
538 9 
352 84 
70 80 
270 110 
347 7 
136 11 
352 107 
680 44 
181 96 
404 138 
163 133 
545 101 
477 116 
704 36 
717 118 
199 106 
276 100 
40 97 
682 61 
709 128 
119 94 
138 21 
200 67 
716 80 
364 121 
569 77 
703 64 
477 32 
531 33 
67 99 
600 17 
205 27 
416 146 
424 99 
506 134 
226 77 
77 115 
299 127 
383 16 
258 49 
586 77 
125 140 
42 53 
523 122 
235 139 
273 136 
57 27 
163 75 
322 38 
23 129 
171 99 
655 149 
565 53 
125 100 
420 135 
148 105 
61 122 
747 4 
76 69 
627 11 
358 149 
348 114 
625 112 
90 46 
651 113 
227 123 
713 131 
272 77 
686 148 
326 55 
732 75 
610 94 
346 58 
97 24 
726 124 
686 85 
122 133 
701 49 
747 40 
146 47 
152 72 
672 114 
503 43 
243 40 
190 20 
394 74 
245 5 
167 42 
62 114 
215 38 
589 150 
722 12 
35 72 
660 31 
712 56 
279 15 
427 50 
181 81 
744 123 
570 34 
592 64 
707 138 
420 25 
630 32 
340 146 
121 28 
198 144 
490 134 
366 1 
614 79 
56 44 
745 85 
296 25 
615 139 
597 135 
472 41 
648 30 
478 17 
107 109 
400 146 
7 70 
624 54 
214 115 
37 31 
715 102 
461 73 
347 5 
457 42 
630 21 
181 78 
5 104 
118 104 
636 48 
173 142 
508 24 
39 116 
694 114 
671 59 
228 9 
689 95 
560 1 
519 59 
455 75 
400 86 
147 130 
14 54 
436 33 
7 21 
282 81 
664 92 
705 102 
507 100 
216 128 
8 45 
736 148 
589 148 
650 57 
656 106 
183 57 
642 30 
89 107 
83 74 
341 141 
446 75 
574 59 
616 78 
310 72 
379 127 
401 138 
172 139 
637 10 
488 86 
719 145 
491 1 
651 134 
82 139 
240 14 
114 33 
207 109 
407 30 
167 122 
159 79 
245 87 
205 98 
524 76 
236 12 
386 25 
547 106 
319 39 
458 69 
623 90 
560 14 
305 73 
646 61 
482 54 
142 48 
527 150 
726 22 
438 83 
621 113 
158 8 
574 145 
32 122 
100 50 
611 108 
170 33 
699 129 
548 103 
652 46 
366 83 
699 57 
632 26 
409 60 
99 148 
742 119 
261 149 
426 84 
294 59 
56 145 
408 118 
154 29 
750 102 
158 149 
707 111 
194 74 
43 45 
32 126 
220 42 
485 70 
490 78 
638 150 
227 65 
435 122 
325 92 
468 34 
359 74 
512 58 
325 69 
109 33 
681 2 
158 123 
46 40 
601 17 
231 35 
536 120 
15 25 
321 143 
291 6 
714 15 
97 33 
198 6 
256 12 
415 33 
582 73 
417 63 
427 125 
87 74 
14 87 
293 146 
624 78 
566 38 
455 38 
480 145 
493 45 
212 140 
77 11 
647 85 
322 11 
117 56 
436 83 
268 14 
357 54 
537 122 
291 79 
568 66 
509 135 
403 63 
472 34 
559 117 
528 20 
406 56 
383 54 
140 104 
566 106 
459 101 
391 28 
714 147 
682 103 
321 124 
181 138 
339 141 
122 43 
503 45 
76 12 
11 55 
683 18 
410 15 
671 2 
621 89 
9 81 
339 99 
259 55 
748 92 
359 18 
717 89 
455 57 
80 28 
601 34 
724 128 
97 135 
482 82 
354 43 
298 27 
644 18 
715 53 
451 55 
301 11 
559 148 
454 17 
217 120 
308 71 
678 139 
450 78 
524 124 
55 21 
10 138 
252 63 
630 99 
239 74 
319 105 
28 71 
460 80 
681 20 
580 84 
389 46 
405 96 
319 84 
286 18 
461 59 
43 117 
281 52 
254 134 
17 133 
285 7 
258 55 
412 37 
575 121 
567 55 
740 96 
490 78 
43 46 
675 61 
429 60 
731 139 
621 23 
607 53 
427 110 
637 143 
242 73 
299 102 
727 110 
738 101 
80 6 
657 122 
153 148 
49 46 
493 124 
158 21 
535 138 
661 7 
513 67 