200
150
60 215 
44 77 
24 177 
100 91 
37 30 
36 24 
36 6 
27 173 
61 28 
2 19 
78 30 
88 111 
36 154 
44 27 
78 40 
10 197 
57 203 
83 82 
52 114 
93 228 
33 40 
3 40 
35 71 
52 68 
70 115 
48 58 
75 35 
28 120 
89 154 
58 86 
15 38 
54 153 
72 226 
55 193 
70 177 
62 154 
78 146 
74 163 
97 77 
12 118 
82 119 
17 8 
46 15 
69 146 
68 77 
3 164 
46 86 
57 59 
43 91 
44 92 
9 15 
18 56 
73 13 
50 181 
19 21 
38 182 
72 145 
59 229 
51 218 
54 130 
6 46 
3 211 
11 149 
71 113 
69 94 
17 79 
71 156 
15 73 
28 24 
63 158 
77 222 
2 120 
6 200 
68 196 
39 31 
77 186 
76 60 
98 108 
90 9 
90 21 
82 228 
39 112 
43 3 
46 222 
69 108 
20 7 
60 161 
96 137 
32 13 
25 23 
35 1 
18 152 
80 46 
99 170 
84 150 
80 57 
50 190 
21 202 
23 156 
66 23 
26 147 
39 167 
57 154 
5 10 
48 209 
62 144 
30 142 
95 171 
47 225 
82 142 
36 103 
50 95 
83 170 
29 157 
88 64 
99 65 
30 207 
1 188 
22 205 
29 1 
86 33 
54 197 
74 110 
27 32 
96 51 
53 51 
73 42 
68 215 
24 148 
63 111 
41 221 
75 92 
49 77 
11 32 
83 49 
42 38 
81 77 
34 156 
98 43 
77 93 
73 31 
76 15 
35 93 
52 88 
90 174 
20 122 
27 176 
55 165 
24 65 
97 106 