300
230
82 153 
86 174 
49 177 
34 153 
125 84 
42 170 
57 58 
38 277 
53 150 
51 176 
134 184 
135 253 
115 153 
134 3 
72 124 
120 273 
73 170 
108 196 
47 49 
70 143 
34 218 
14 231 
125 256 
119 39 
25 151 
82 233 
119 131 
42 253 
53 156 
98 111 
106 42 
66 248 
16 233 
125 259 
103 186 
118 107 
93 117 
54 97 
9 239 
86 189 
129 44 
18 142 
74 20 
37 166 
62 46 
38 147 
42 63 
36 7 
103 232 
43 270 
7 70 
71 231 
118 116 
104 252 
84 156 
122 162 
9 256 
16 82 
122 94 
34 143 
109 217 
41 217 
39 78 
130 268 
24 182 
38 137 
24 35 
14 131 
118 98 
94 206 
133 225 
105 162 
46 67 
50 159 
95 176 
42 290 
117 284 
6 82 
82 140 
47 82 
37 9 
21 267 
115 279 
27 177 
16 191 
125 41 
27 154 
79 9 
40 138 
28 81 
38 171 
125 116 
36 5 
60 219 
91 241 
11 159 
16 221 
110 275 
64 234 
54 287 
84 238 
17 242 
1 230 
106 22 
49 120 
97 92 
125 181 
29 155 
42 90 
104 22 
117 86 
86 272 
106 17 
89 216 
120 104 
37 85 
11 240 
102 143 
109 287 
109 248 
31 257 
71 107 
117 231 
103 25 
111 38 
78 62 
108 210 
51 130 
12 284 
133 186 
107 259 
26 139 
11 9 
13 89 
122 146 
103 104 
114 78 
95 250 
61 164 
41 41 
57 13 
89 34 
108 129 
31 159 
104 203 
76 202 
23 18 
115 73 
16 32 
114 22 
74 191 
115 272 
81 36 
108 271 
60 198 
3 111 
93 106 
106 135 
57 1 
48 42 
28 40 
24 68 
13 285 
45 83 
54 3 
127 179 
104 221 
103 156 
104 77 
16 158 
50 148 
8 187 
70 105 
33 173 
76 17 
75 10 
126 160 
77 113 
24 209 
128 164 
68 284 
128 106 
51 197 
8 156 
93 98 
8 249 
2 282 
72 184 
52 159 
121 194 
10 280 
18 231 
119 272 
100 5 
5 224 
8 102 
37 212 
70 125 
18 162 
30 101 
62 5 
79 198 
111 196 
58 92 
81 149 
115 231 
65 190 
53 279 
16 207 
115 62 
71 144 
15 59 
46 56 
80 175 
85 157 
97 171 
71 28 
35 148 
18 153 
132 270 
98 218 
15 132 
32 82 
37 279 
46 96 
87 123 
100 189 
11 7 
109 58 
93 163 