400
300
105 78 
25 138 
53 193 
74 178 
69 13 
99 348 
106 374 
93 65 
173 145 
139 38 
166 249 
54 370 
113 172 
90 230 
90 285 
156 44 
144 232 
167 181 
5 255 
111 223 
154 104 
105 20 
132 279 
31 19 
70 4 
63 205 
169 49 
71 311 
167 273 
45 301 
152 147 
89 145 
176 127 
2 30 
6 262 
124 227 
13 25 
163 69 
41 260 
140 305 
106 74 
37 94 
114 287 
15 295 
139 171 
175 342 
3 189 
148 275 
82 15 
101 298 
133 134 
171 220 
15 348 
161 17 
37 307 
37 74 
117 35 
108 81 
103 197 
150 84 
104 197 
95 263 
152 138 
27 278 
84 67 
12 6 
42 302 
53 312 
26 93 
35 85 
76 228 
128 357 
67 325 
114 185 
48 39 
103 92 
100 294 
1 198 
131 118 
175 184 
154 277 
122 338 
8 369 
176 56 
78 180 
20 63 
153 297 
36 271 
74 60 
80 323 
105 324 
16 286 
123 347 
18 275 
96 207 
31 249 
70 227 
8 288 
145 63 
35 259 
33 84 
118 252 
72 318 
147 182 
174 204 
10 30 
24 122 
97 371 
93 24 
143 158 
178 308 
129 292 
144 196 
16 355 
11 125 
73 80 
155 160 
151 144 
34 79 
115 35 
87 56 
49 13 
73 333 
128 247 
131 255 
45 165 
134 15 
67 322 
52 239 
76 47 
56 140 
156 150 
81 58 
128 332 
39 220 
66 372 
110 31 
159 77 
3 17 
39 321 
68 330 
5 37 
51 168 
170 132 
129 238 
36 349 
9 258 
85 255 
61 370 
76 54 
19 201 
147 90 
178 36 
54 173 
104 69 
58 276 
98 204 
64 320 
57 226 
121 5 
95 231 
60 43 
39 54 
12 31 
100 132 
121 238 
99 87 
170 119 
32 73 
21 127 
6 33 
50 140 
63 270 
174 209 
90 159 
175 184 
142 121 
107 82 
122 125 
74 176 
129 149 
31 144 
152 320 
67 311 
62 177 
62 134 
36 66 
93 24 
96 356 
89 57 
71 1 
113 107 
61 69 
135 249 
28 253 
95 28 
93 42 
127 192 
16 58 
44 354 
152 165 
119 374 
88 361 
29 145 
168 185 
163 58 
125 20 
142 282 
5 283 
111 235 
176 182 
112 140 
73 58 
76 185 
123 59 
88 304 
96 228 
152 33 
108 278 
109 155 
42 308 
24 271 
58 307 
94 17 
5 309 
18 375 
100 115 
139 314 
7 72 
3 264 
25 262 
94 330 
39 73 
174 326 
170 94 
112 61 
117 248 
68 331 
44 86 
107 18 
57 177 
99 111 
126 133 
72 64 
16 149 
5 310 
36 75 
32 126 
87 205 
144 121 
51 135 
158 302 
82 67 
32 163 
78 205 
45 126 
6 174 
161 273 
73 239 
59 88 
178 243 
179 25 
32 240 
30 66 
107 203 
118 322 
120 321 
15 321 
12 83 
70 141 
159 265 
146 247 
130 104 
39 299 
102 82 
161 331 
31 361 
55 243 
61 130 
105 249 
129 72 
67 248 
137 373 
141 6 
102 255 
33 320 
144 366 
116 160 
49 312 
38 37 
175 93 
173 296 
101 324 
140 258 
55 49 
71 364 
105 279 
71 114 
141 31 
6 332 