500
375
95 489 
39 115 
152 102 
18 353 
84 2 
175 51 
91 26 
181 480 
53 43 
3 175 
237 426 
114 276 
168 284 
78 79 
143 187 
163 429 
187 184 
144 299 
117 473 
103 20 
114 339 
42 124 
44 12 
236 46 
16 468 
181 92 
214 46 
97 401 
241 374 
232 236 
73 474 
74 69 
197 227 
97 113 
229 189 
114 192 
179 15 
148 63 
228 243 
68 383 
120 480 
244 285 
97 13 
66 330 
218 489 
175 422 
42 400 
151 301 
169 29 
153 7 
150 207 
91 68 
23 328 
50 61 
222 390 
243 451 
171 89 
128 380 
31 103 
59 300 
91 445 
242 234 
36 384 
74 304 
92 119 
203 443 
197 323 
171 359 
132 302 
219 53 
41 34 
45 394 
152 72 
183 374 
216 163 
133 88 
29 76 
244 284 
219 27 
18 43 
247 70 
5 283 
114 167 
14 27 
99 232 
51 331 
45 395 
54 386 
119 178 
81 116 
32 266 
94 270 
41 339 
226 462 
5 313 
24 324 
64 160 
46 249 
157 419 
227 305 
143 167 
97 87 
121 193 
235 351 
90 217 
27 34 
232 332 
33 333 
160 28 
134 206 
102 469 
119 197 
138 307 
147 126 
75 43 
2 209 
149 389 
6 432 
101 92 
212 122 
8 420 
15 300 
163 120 
114 102 
9 259 
190 453 
107 8 
229 36 
74 418 
242 211 
100 253 
69 331 
91 376 
222 393 
119 225 
85 99 
227 331 
218 229 
100 353 
63 411 
31 452 
173 357 
161 193 
84 97 
230 215 
87 242 
170 387 
32 432 
35 353 
155 63 
139 21 
131 55 
143 220 
4 463 
234 428 
55 354 
169 417 
2 19 
81 426 
165 53 
12 83 
94 93 
212 375 
145 66 
229 31 
148 289 
241 441 
84 215 
182 289 
79 66 
106 383 
31 276 
211 453 
204 242 
220 71 
204 13 
175 249 
116 436 
125 292 
233 183 
12 443 
71 34 
113 476 
88 376 
46 97 
163 161 
151 184 
26 112 
78 392 
5 347 
154 308 
231 90 
208 126 
66 12 
59 198 
36 400 
132 326 
25 204 
214 343 
242 399 
131 344 
12 241 
199 167 
142 486 
220 366 
174 5 
205 25 
155 62 
102 282 
95 381 
221 80 
230 443 
88 47 
198 41 
71 59 
59 151 
195 322 
83 253 
61 67 
169 370 
74 252 
107 429 
98 283 
42 240 
184 39 
110 366 
118 81 
108 185 
47 288 
107 177 
96 326 
169 72 
189 42 
35 459 
78 235 
29 201 
248 37 
31 86 
99 105 
45 54 
163 116 
139 412 
48 399 
87 475 
6 483 
63 203 
210 454 
95 289 
187 261 
147 416 
35 257 
118 152 
13 79 
229 273 
175 375 
96 139 
130 255 
70 348 
83 318 
124 20 
201 458 
142 442 
121 158 
12 239 
68 159 
24 84 
37 442 
88 32 
40 286 
114 26 
191 292 
4 170 
46 375 
99 370 
183 324 
169 175 
112 272 
246 374 
250 28 
243 357 
18 286 
21 76 
9 490 
57 80 
25 73 
215 455 
84 420 
137 81 
97 127 
62 169 
161 162 
115 404 
243 282 
59 372 
219 223 
161 308 
169 3 
244 69 
242 152 
179 438 
174 253 
83 249 
65 351 
191 301 
157 102 
41 99 
83 135 
42 358 
116 113 
21 387 
105 443 
126 353 
65 249 
52 108 
123 232 
26 286 
224 120 
7 480 
30 187 
50 118 
51 82 
59 365 
96 380 
162 294 
52 285 
102 337 
67 207 
31 344 
198 434 
141 180 
15 168 
217 321 
227 475 
230 418 
22 262 
248 122 
73 76 
56 221 
7 380 
186 271 
104 27 
169 410 
115 281 
5 164 
87 38 
233 61 
15 132 
43 154 
126 15 
53 439 
108 430 
172 432 
207 370 
154 284 
149 489 
226 94 
227 484 
125 224 
194 90 
107 160 
127 392 
233 483 
95 77 
188 300 
1 41 
71 28 
142 132 
242 299 
173 435 
164 83 
234 459 
26 272 
32 3 
5 387 
132 392 