600
400
90 5 
4 52 
156 32 
270 50 
271 55 
298 74 
294 12 
126 27 
189 25 
136 23 
251 38 
133 61 
78 17 
228 17 
140 49 
146 56 
278 75 
108 58 
233 54 
234 53 
33 58 
179 3 
271 56 
81 10 
156 67 
107 8 
104 66 
219 8 
135 48 
174 49 
246 19 
254 73 
220 38 
107 3 
242 17 
107 26 
126 37 
156 22 
93 11 
8 75 
204 39 
157 59 
157 52 
291 66 
76 14 
264 21 
235 44 
295 4 
82 3 
58 75 
244 67 
100 47 
253 7 
218 22 
243 75 
96 71 
90 5 
205 21 
131 22 
236 57 
163 26 
279 22 
272 26 
2 30 
178 37 
179 24 
28 30 
295 32 
37 39 
129 31 
188 51 
176 52 
280 57 
275 13 
131 60 
121 68 
213 1 
89 34 
176 67 
288 54 
253 68 
279 32 
247 48 
64 35 
236 19 
65 25 
219 68 
203 26 
176 27 
165 6 
139 60 
298 28 
135 63 
286 63 
280 25 
116 59 
242 71 
16 15 
170 56 
275 30 
74 39 
31 44 
31 8 
294 57 
162 8 
212 75 
194 37 
154 6 
99 64 
143 55 
215 10 
114 6 
155 31 
95 24 
11 46 
180 9 
160 60 
179 40 
194 23 
148 32 
82 37 
158 51 
73 11 
56 73 
149 25 
105 40 
259 68 
270 38 
98 42 
136 10 
237 67 
243 73 
28 46 
90 71 
45 12 
28 29 
48 35 
206 22 
196 36 
147 21 
210 3 
211 70 
272 7 
32 69 
100 69 
280 14 
285 72 
236 12 
94 25 
284 41 
14 11 
69 38 
248 49 
37 45 
286 33 
290 22 
185 27 
166 6 
236 47 
276 35 
167 30 
175 1 
228 36 
162 73 
187 70 
263 50 
208 8 
13 57 
56 49 
101 18 
283 67 
39 69 
146 31 
126 6 
152 3 
167 18 
107 42 
220 11 
152 58 
158 15 
278 23 
290 12 
255 2 
143 63 
102 70 
155 9 
136 21 
54 56 
201 29 
113 30 
31 55 
122 39 
21 19 
26 74 
226 10 
13 30 
107 54 
191 39 
107 10 
228 58 
79 7 
43 42 
79 21 
299 55 
26 37 
84 33 
91 32 
296 13 
50 21 
86 28 
256 75 
282 39 
256 23 
279 62 
9 56 
22 65 
40 64 
106 43 
212 29 
149 64 
267 7 
97 57 
241 17 
219 42 
165 56 
69 22 
258 51 
37 63 
275 16 
274 35 
221 47 
174 35 
111 31 
130 74 
187 53 
114 3 
262 60 
210 52 
54 30 
295 45 
288 64 
141 72 
166 27 
209 65 
244 9 
174 15 
281 25 
176 68 
130 57 
268 68 
35 6 
221 48 
291 32 
1 21 
113 70 
65 2 
110 32 
148 50 
133 33 
166 2 
42 17 
293 74 
191 70 
268 72 
277 10 
192 63 
67 37 
110 34 
45 35 
204 7 
156 20 
61 41 
276 58 
292 11 
16 8 
289 34 
249 56 
182 41 
252 51 
14 3 
187 55 
290 28 
68 1 
62 37 
260 17 
21 18 
37 6 
133 12 
40 49 
224 55 
281 62 
163 56 
244 21 
223 46 
296 64 
175 9 
193 15 
187 13 
67 75 
176 27 
68 23 
194 29 
80 3 
168 45 
201 16 
174 9 
55 14 
266 73 
184 16 
245 7 
229 45 
165 23 
36 28 
185 27 
154 38 
180 72 
60 50 
25 65 
202 19 
259 5 
87 34 
140 43 
272 30 
190 58 
45 60 
191 25 
6 55 
198 41 
210 59 
142 63 
246 22 
284 6 
146 61 
197 25 
56 5 
254 44 
90 18 
86 62 
249 51 
21 46 
162 61 
70 17 
17 19 
207 1 
153 25 
41 75 
121 24 
207 19 
136 28 
118 42 
257 48 
85 47 
267 21 
160 42 
198 30 
12 36 
90 59 
277 31 
204 10 
84 33 
34 49 
258 57 
199 14 
225 12 
267 19 
278 50 
216 39 
73 32 
36 59 
148 60 
163 62 
95 4 
97 48 
162 75 
109 20 
160 68 
120 42 
49 70 
32 25 
156 50 
118 35 
25 10 
299 74 
266 11 
133 15 
123 70 
128 44 
51 51 
92 62 
28 50 
208 37 
94 27 
55 44 
96 11 
270 4 
188 12 
188 39 
171 36 
112 38 
24 19 