750
500
358 65 
303 99 
295 38 
54 69 
231 73 
256 4 
219 83 
104 93 
41 4 
92 25 
57 88 
314 9 
343 88 
291 63 
142 47 
327 76 
36 79 
201 32 
318 29 
301 99 
3 58 
177 22 
40 32 
239 30 
337 7 
281 43 
144 97 
78 86 
359 18 
251 77 
190 27 
202 75 
57 77 
157 77 
257 59 
150 10 
216 28 
83 7 
161 48 
289 98 
230 94 
117 48 
367 95 
86 77 
187 38 
53 28 
116 56 
203 72 
234 61 
148 41 
371 74 
352 38 
178 36 
44 64 
333 32 
86 89 
128 52 
162 19 
373 74 
48 10 
161 100 
162 26 
308 91 
49 91 
278 49 
258 25 
72 84 
62 75 
246 58 
190 54 
39 50 
367 18 
78 30 
262 51 
330 84 
237 65 
10 100 
367 42 
318 91 
108 97 
214 15 
72 12 
201 35 
113 73 
192 27 
228 33 
178 20 
350 81 
326 38 
308 56 
123 46 
372 8 
145 14 
51 39 
6 85 
261 46 
102 9 
82 54 
20 47 
326 87 
98 4 
44 53 
375 68 
110 27 
208 67 
184 30 
164 6 
87 60 
146 90 
349 26 
249 86 
323 77 
144 79 
230 88 
200 8 
351 50 
336 96 
152 85 
14 38 
238 21 
279 97 
152 19 
204 91 
328 24 
330 76 
101 5 
113 23 
132 6 
53 63 
21 30 
120 23 
106 80 
344 84 
16 34 
96 79 
156 76 
300 7 
19 28 
147 71 
78 28 
249 55 
258 11 
202 66 
219 81 
328 66 
85 98 
188 40 
129 6 
48 45 
91 95 
375 96 
95 1 
155 63 
5 51 
84 82 
4 32 
236 63 
317 64 
228 10 
269 55 
375 6 
252 15 
122 81 
297 20 
127 63 
266 51 
258 36 
26 64 
98 30 
315 83 
88 45 
114 50 
157 8 
338 34 
169 8 
188 96 
163 92 
287 10 
24 33 
56 100 
220 46 
252 5 
306 4 
93 31 
260 34 
163 47 
303 79 
271 84 
263 60 
92 58 
42 57 
155 32 
298 66 
68 71 
274 73 
72 45 
45 23 
151 3 
201 21 
310 10 
229 49 
33 32 
327 55 
217 16 
91 36 
224 84 
167 30 
290 91 
46 7 
11 46 
81 82 
15 53 
6 91 
32 33 
11 91 
267 16 
39 1 
349 18 
157 66 
158 72 
101 58 
355 44 
338 22 
309 83 
205 94 
303 63 
2 69 
365 82 
61 73 
189 73 
338 7 
264 1 
309 87 
320 65 
29 3 
313 4 
62 94 
372 99 
140 80 
8 95 
225 12 
232 3 
206 23 
186 43 
195 49 
291 9 
32 56 
111 17 
17 31 
8 46 
135 20 
151 96 
214 100 
197 80 
31 79 
299 56 
116 82 
83 23 
306 46 
165 50 
244 32 
258 53 
212 19 
171 81 
49 54 
228 85 
123 78 
355 38 
127 26 
268 60 
5 43 
15 47 
300 24 
371 80 
319 37 
332 15 
194 91 
19 7 
184 39 
212 9 
367 16 
368 17 
44 25 
6 22 
125 75 
281 6 
43 47 
179 94 
323 24 
150 43 
311 6 
32 81 
274 27 
112 57 
216 26 
268 9 
341 62 
252 86 
186 83 
110 88 
109 40 
370 26 
264 49 
94 61 
324 96 
78 36 
303 12 
341 1 
113 55 
260 55 
332 27 
114 72 
365 92 
260 26 
201 69 
65 35 
360 9 
85 98 
209 31 
60 33 
353 65 
18 30 
201 36 
106 65 
15 40 
220 21 
118 35 
244 57 
253 53 
259 4 
98 98 
13 33 
359 49 
330 67 
206 92 
326 8 
106 71 
88 31 
281 20 
197 47 
159 66 
242 28 
327 62 
359 30 
192 70 
283 39 
167 22 
371 77 
322 53 
296 53 
294 46 
335 99 
191 49 
306 73 
193 27 
344 78 
145 37 
205 48 
274 41 
277 17 
10 61 
355 28 
34 78 
257 56 
255 52 
133 25 
24 19 
173 17 
93 55 
264 87 
183 8 
192 29 
21 73 
2 94 
163 5 
337 22 
41 17 
302 99 
269 58 
31 75 
359 13 
274 9 
232 73 
175 51 
127 14 
164 11 
273 5 
215 68 
353 68 
189 42 
72 75 
266 89 
68 17 
163 88 
374 93 
62 34 
333 12 
317 41 
359 19 
68 62 
134 31 
373 56 
188 64 
300 17 
6 88 
235 2 
263 25 
166 57 
316 30 
245 66 
99 58 
226 83 
220 45 
198 53 
238 65 
267 46 
98 39 
3 87 
77 27 
5 84 
40 64 
135 29 
364 75 
187 81 
206 81 
174 30 
339 49 
337 60 
145 87 
339 59 
3 30 
331 50 
95 8 
338 73 
237 42 
206 53 
206 41 
133 94 
242 69 
76 23 
352 24 
354 92 
250 67 
76 21 
30 14 
355 8 
269 35 
109 63 
245 97 
136 81 
15 43 
358 95 
283 17 
15 2 
35 18 
176 86 
316 79 
302 17 
47 27 
163 54 
18 17 
86 88 
53 21 
227 97 
219 89 
4 59 
282 13 
55 14 
54 45 
315 14 
137 90 
76 54 
245 28 
221 69 
356 8 
322 98 
126 34 
237 78 
179 39 
77 75 
52 55 
233 58 
43 37 
124 48 
333 90 
161 46 
132 12 
125 51 
216 22 
246 96 
306 44 
171 8 
154 82 
210 35 
97 63 
309 99 
320 41 
83 89 
54 83 
36 62 