90
75
12 74 
32 18 
9 42 
43 40 
26 78 
18 54 
13 25 
37 1 
38 49 
30 11 
23 5 
37 49 
44 42 
31 58 
1 50 
8 57 
33 1 
37 42 
5 34 
43 30 
28 60 
1 2 
1 82 
2 38 
2 32 
11 24 
43 2 
27 86 
5 57 
8 50 
23 61 
24 11 
23 15 
14 27 
10 18 
12 45 
32 12 
1 33 
10 48 
32 18 
34 4 
3 38 
6 37 
33 62 
3 85 
22 33 
17 52 
5 40 
28 18 
21 37 
42 84 
43 35 
12 89 
29 73 
1 61 
7 86 
26 55 
33 83 
1 27 
10 55 
28 38 
42 90 
44 1 
1 26 
25 28 
24 66 
29 67 
11 40 
27 39 
30 72 
16 36 
29 87 
45 23 
34 52 
4 5 