9630
2335
5180
6511
7018
9928
174
6038
1303
5235
2918
5537
9189
2521
2922
6872
1184
4143
5368
8869
1352
6913
4592
5016
8810
8640
9113
9907
8111
2191
61
7740
878
1592
602
4247
1520
7127
284
9174
2361
9553
1062
7902
2073
3983
1125
9609
4477
6492
4829
5828
9757
5772
7195
8566
4412
6307
4824
2522
4850
4884
6613
2079
6476
7214
6325
4347
4340
2960
3520
3052
2513
933
7305
937
1267
4781
6897
5743
1273
8078
7922
7381
3849
5116
2298
8260
7775
7121
781
2624
2005
3745
4702
4832
958
7378
9178
1649
337
9049
1053
9201
6333
4709
138
7599
9490
3386
9693
7114
1463
7614
4494
5312
2729
3143
3571
6855
263
704
9478
8619
4448
531
3450
1758
7908
8979
9758
4597
4379
7162
3797
711
1871
286
8309
7712
3672
4353
4825
5134
1966
5670
6797
1047
8812
6720
7901
9074
3775
3731
4045
8222
4261
7494
6331
8521
2825
6089
9469
7203
9602
9617
7914
1472
9903
2574
9183
9926
6927
4007
1411
8892
6028
8208
6290
4839
4927
543
3913
8701
4273
7957
3274
4885
1802
5957
3405
4626
2045
9225
1829
7998
8842
6094
9470
8744
8667
5004
8669
5593
5363
6431
837
1390
4638
7126
6229
5916
7668
6493
968
8292
4449
4242
3177
2602
198
2933
3580
8594
2158
1760
6591
999
7853
2412
6094
6519
7416
1114
8464
2778
7544
9300
4167
8534
2777
6747
4449
445
3239
5417
5088
4039
6010
8264
6641
2559
1197
220
7504
9706
1979
4094
704
6183
2858
3149
2701
273
614
1164
9402
8157
6815
9920
3042
9592
6667
7491
6388
6257
9259
1475
296
5268
9739
6936
7826
7287
3507
5329
6992
1837
5774
4047
8019
8631
7195
719
5255
4160
8235
1008
8668
5049
928
1710
4640
3946
9200
7379
202
8458
8854
497
77
8592
3784
7902
5878
3642
9582
2869
5478
5355
6915
9848
338
461
6919
1944
4620
5153
2952
9639
6553
231
1348
7545
528
6899
4923
729
1708
3776
7578
1784
2367
7713
6037
4596
1355
5618
3816
3184
7325
7082
3032
4014
7542
9950
5957
8513
1454
5260
8152
8006
5490
9499
5550
2369
2750
473
3098
4457
600
7027
6241
9319
1091
2277
3914
8797
4247
7730
1981
7923
4811
1364
8288
8705
7665
4244
3569
9118
5856
1720
7123
7697
7571
9025
66
320
5849
3163
4776
6448
6541
7368
5766
3983
5997
6032
2780
6595
113
1112
4517
4923
2475
2804
9979
139
3399
3548
9256
9254
1619
2730
6951
9189
8106
7016
5860
3954
6530
6988
6754
9422
4355
8871
3404
351
4902
6183
6945
1366
7294
7813
2641
6120
6968
2619
6258
367
2518
1865
5972
4137
4595
9274
9677
9052
2641
5537
3006
9170
2524
6111
4943
3230
4981
8347
3581
6235
881
6877
7600
8175
1042
240
646
4361
9211
6904
1079
1728
8768
7051
5864
9714
6324
5541
8766
8965
7429
8123
4486
9952
585
9429
9533
5565
4127
9465
8151
5007
2694
2103
9533
3735
8694
179
8095
7904
3434
9174
5984
8553
2576
1847
4619
5251
3739
9736
567
7519
4210
1405
3822
4794
833
3355
358
1311
2819
4861
2669
5512
6963
2202
9246
5656
8732
3693
9912
8517
9218
5895
7069
1793
4093
1687
3395
4184
7774
3962
1702
1983
5366
5524
6776
2550
8878
3486
3860
1696
8346
2880
7208
1660
1433
2805
3667
164
2849
3578
5032
2066
5824
2101
210
9917
139
3605
4100
4265
7566
2153
6247
9283
7676
3023
1832
2905
2860
2043
953
1205
4922
8160
9216
6355
7316
2882
2870
6517
2812
7902
8582
8635
6354
5144
8551
2844
8748
9002
7108
2665
1155
3355
1947
5182
2729
130
8087
5588
8524
9039
3144
3445
3550
2359
6151
7217
1592
5373
3733
4403
9626
8667
9390
2331
3810
4292
5174
8909
9646
8634
1573
800
8340
9871
2333
7420
6352
419
3007
4875
5809
2502
4671
5710
1212
7174
2927
2803
2546
3011
3558
8523
1677
9299
853
1838
3590
2378
746
3235
7363
8670
386
5702
8540
2719
3121
4891
9489
2479
6117
1650
4980
788
7359
2543
7961
6637
5346
6858
9648
5255
5380
7676
905
6232
9514
4494
4961
6611
4081
2324
5281
818
4377
172
9888
3850
1415
5729
6328
7531
7378
7660
8318
1088
202
2630
4077
1899
9487
3724
3505
4866
7751
4409
7449
7264
5255
2410
227
9335
1085
5507
152
5461
2030
6392
5662
3444
2120
1990
975
5849
6001
5644
6936
6202
4626
1012
4453
4112
1087
7957
5330
8838
8718
2778
2453
3972
1539
2679
9658
8975
4537
6161
788
6567
2552
6449
10
4671
4790
7336
519
790
9332
3807
3344
3957
4818
7796
8068
2257
2104
3397
1094
821
2527
9898
4792
417
8929
4449
9392
3465
610
6531
6383
9513
2979
6393
4184
7769
80
1054
4910
9411
4860
8253
3367
6030
2400
7787
8286
4504
1183
5731
1676
61
5628
2820
6830
4556
3620
2573
4373
581
9103
755
94
8433
3499
629
6201
3579
1682
7463
2989
6542
5715
2708
8923
8115
494
7208
8970
8028
2938
645
8089
4917
9816
1270
9473
3436
3842
3845
4016
2944
951
4109
1376
4450
4737
3929
8028
2771
1391
7368
9312
3457
6427
4586
1571
6920
1793
6892
4948
1082
3889
9388
5998
3704
657
5470
7139
850
5666
7507
3793
6617
7967
1520
7418
2704
5448
5445
1826
3190
9164
7489
6647
5591
2074
4569
8862
3866
1461
161
4947
1701
9548
944
5404
6556
2766
8895
3757
4783
6401
7549
1399
4367
5421
8816
3422
7220
612
5247
410
6128
2735
7056
1718
4808
7976
6931
8673
5788
7092
9971
7488
2991
7267
2892
9547
6384
1786
9655
1166
4538
7204
8917
8904
2624
4084
2326
9843
1048
3924
6604
7175
6659
11
5244
1466
7987
2174
6491
3774
9265
2813
7614
2256
6431
505
8154
2814
8642
7808
3980
9531
1363
9248
8434
338
3331
7111
6533
730
1035
3136
7904
4045
9499
3147
1862
7485
1673
8352
7610
937
7517
1575
9544
3947
8431
4049
6761
7072
1857
7092
2954
9571
2691
1388
9909
6021
4850
6441
3103
2236
5928
1006
6280
5426
505
8142
9262
2177
2845
3224
9465
361
4798
5361
660
3229
9409
7420
6652
7617
863
9606
7188
3553
7345
3448
5925
8546
6240
9027
782
8519
6385
7061
3945
6889
1554
9558
5417
751
9133
1233
1111
3931
2945
1770
3511
8706
5541
6514
6322
2755
2471
9861
2659
9815
9660
4936
8361
5899
3962
5494
4418
6698
8906
4714
9938
460
623
1706
1210
9756
2939
8672
38
2235
6794
3548
940
8686
6413
7262
7793
8884
3474
451
5050
3134
5386
3410
5384
5700
5255
9801
2397
4161
866
8687
972
1489
392
8533
7596
3330
7204
7633
5565
349
7532
2856
9035
296
117
3179
9179
9943
3629
4229
9428
5367
3990
4811
1066
9245
964
9814
9757
1829
8500
728
9669
8892
9260
3616
8573
2815
7600
489
3164
5131
3345
8550
1779
9813
1728
957
6107
1708
1537
5534
7074
5527
345
4491
1123
1308
4305
879
9488
9156
7958
5509
4399
3569
5476
2972
6383
3076
9812
5898
4558
9508
799
6336
5673
8878
3645
1779
6938
5181
3665
4011
7059
4009
8502
8181
1668
9158
5411
7507
8313
9720
9367
2712
3288
4843
2035
6023
4270
8198
8272
8827
7706
9071
5163
9730
4300
8807
1508
1237
339
5172
1600
7398
5532
101
1930
3551
9258
7341
7410
3922
3412
6776
6633
6700
7970
5019
9074
2239
3217
7345
7418
7274
2767
8932
7003
3419
7738
4862
4655
4428
6386
2606
1825
8269
2706
3755
1820
8315
7447
9229
2237
858
2356
5221
3909
6678
6592
9334
8916
9808
6679
2685
7081
5797
1616
435
9215
5705
5296
222
133
8033
2827
1957
6302
1885
2063
4473
199
9509
53
8787
6719
2408
360
6979
9085
6951
6313
4353
3110
9343
7037
6542
1491
8653
6976
706
4357
8623
7279
841
3008
105
2798
9309
8341
1212
133
4892
7073
185
30
3791
8944
389
7121
4381
3691
9785
5085
3152
5479
2121
9693
6970
7125
3020
4027
7834
7995
1305
8674
7354
7761
7823
3014
6102
9035
3146
993
6107
3330
1022
6249
8625
7763
9721
3005
7805
9506
8089
957
4984
6562
7001
1953
38
6373
5979
7871
719
3635
2897
8072
1396
7071
1085
7497
2457
4230
4841
4915
3911
5862
1163
2535
9976
7236
1892
7781
6741
9980
5089
1724
2893
2089
29
2931
4813
2359
801
5531
5994
49
3602
7389
7120
4686
1237
5928
5267
6077
843
9177
8290
8357
8064
8266
5592
9955
2398
2332
6286
7486
408
9179
5926
436
2109
739
9146
9261
6269
5139
5662
6223
8879
9133
7260
115
5060
2527
2543
5902
8055
833
4259
2470
9098
9850
8776
7847
8534
1414
5332
8941
592
1257
5728
9052
8347
4873
4664
968
6364
6677
7190
5242
5809
4449
1709
869
3327
4251
6770
1382
5083
7380
203
532
3582
8979
8378
2115
392
61
7407
7335
1318
9486
2738
6016
4358
3753
6983
7073
430
4172
2315
6238
4973
4023
7106
8299
4625
228
6032
9708
7607
6235
6591
1188
1565
4969
9654
8308
5029
7060
5642
2698
6545
4731
5066
7255
8483
2048
4327
5264
2572
2993
1502
7544
3367
4959
2194
7992
5186
4578
4051
2793
7164
641
332
5080
1961
9986
3387
3342
3397
5380
2391
9942
110
7456
3548
4944
9504
4226
208
8427
7219
1709
2322
6937
6667
4515
1280
8205
5444
5330
7349
8959
2323
7680
4038
635
4017
7424
3976
3766
2803
6367
3707
2912
3822
3606
4208
9677
7831
4415
8103
1401
2475
6776
4690
5493
7643
5969
3697
3086
7651
1045
2045
6325
5077
6082
6959
5445
9858
935
9210
2660
3653
9268
1924
3826
2873
6131
3503
7056
6897
7957
4808
9371
4733
9497
4863
2375
5466
4912
1812
9468
2308
208
5792
3736
6290
2750
5533
6147
36
4742
5158
3688
362
3433
7514
9586
9563
7368
6641
2811
5324
7801
2181
6408
7297
3396
5134
9114
4659
6946
8581
6966
7153
4372
7054
9794
3474
2586
2292
3509
3679
3802
3549
4040
7234
1062
9978
3149
8429
2970
5959
104
770
4492
6512
8067
4239
1645
7180
8897
4942
2113
2214
8447
2836
9267
8240
6309
1852
6884
6170
5531
685
9718
5922
7918
7131
2251
1066
5559
5221
7025
2014
2342
7868
8525
408
2106
6522
3940
1002
7815
6052
3215
6261
8887
2482
4501
1548
685
1384
7717
2567
8420
3786
4841
6337
916
7091
7403
2826
8663
779
4839
1005
8646
9716
1412
7103
6237
1703
8104
4051
7754
1318
6664
2993
151
1164
4540
836
8899
8608
9754
3670
2393
4594
6
3308
1685
3760
2485
347
890
7323
1351
5887
7038
9115
2989
9626
7169
1092
29
1275
8762
6692
4267
5264
4207
5158
6099
9457
3765
5853
3126
6157
6798
3131
5816
8482
3243
8300
5181
4132
5622
2883
19
9012
8349
3007
8637
5518
451
5017
6792
9212
1708
7410
827
5914
2567
6926
1722
6331
9130
4847
8839
2279
4330
4654
761
7572
9305
2293
8055
1278
5175
8073
289
3524
7432
5278
9041
4234
294
2184
3445
8354
9593
623
4267
2159
7548
5989
4841
3029
7187
3679
5308
1516
4684
2420
9087
3988
1064
7142
1617
6238
1566
8258
6113
5349
3535
1505
9582
180
3688
9378
8533
9632
1
9152
1790
3900
5140
2982
3281
8678
6660
4940
194
7695
3711
5632
8034
4774
9125
9651
1011
7043
7908
3476
2391
1442
4980
1973
7973
5020
7702
6506
4651
7702
5657
2793
1602
7148
5774
4882
5825
8786
6173
6018
6480
9883
8002
4514
4656
7126
4164
2018
4168
2071
5493
6559
9864
6825
4883
7836
1844
2584
693
2846
6638
6349
5638
8239
3496
7764
9472
5673
6549
5644
1690
3028
1878
9691
3893
6533
3169
8056
8550
7336
6478
395
246
2693
7219
5128
6881
5414
4064
7573
4611
701
3922
249
5291
3769
4364
1114
9441
912
3109
7483
291
4986
3525
4184
1518
6693
2239
6419
4029
5069
3165
626
7761
6735
2106
993
2148
6169
8566
6759
3221
8839
3359
8511
8959
7722
9624
4752
4985
2732
2234
5275
4069
5758
9458
1938
8803
8049
8356
9183
3117
1521
9808
7229
4607
1913
8222
6755
4433
3139
9865
7653
1977
9575
2515
935
7296
2138
5686
8632
1221
4271
3906
1641
6381
9716
3578
5183
7764
8286
4365
7232
9806
524
812
764
8789
5385
7518
3221
8523
3734
7226
499
3308
9740
7786
603
8230
9823
5586
9450
4094
9492
1091
6826
9207
1020
2008
3322
9305
2724
6905
5462
3247
7716
6226
2035
3101
3743
1608
7975
7477
8833
4826
7136
8572
2611
4091
6801
8785
9676
2603
9230
9167
45
6055
4725
1064
8062
8046
369
7137
1302
5830
6736
9018
2055
5122
8470
2150
6729
6444
5978
1913
1269
3113
485
231
3555
3637
9016
3231
6239
8245
2397
2635
652
3474
3699
8713
7871
419
2202
9173
2600
8937
4542
1007
4058
9363
3156
7139
5806
5485
9051
3427
4949
9535
9
8504
9524
9024
1734
5762
3621
482
4749
4272
3955
8447
9336
8178
5217
1537
7350
7816
6825
1891
8822
883
1253
8329
8021
3410
165
3423
3188
5114
2958
3197
9969
8833
8572
8054
946
2192
4887
5694
2815
8842
492
8503
3371
5708
6391
720
3524
3216
8962
8697
4098
6566
7026
8470
6327
3542
1892
9515
5007
1201
9063
4975
33
7634
9380
979
6178
4267
3024
5344
9460
3516
3846
2830
9223
237
3549
2746
3452
8862
7795
3901
1779
1172
8722
8105
4713
6965
3971
9720
8166
3033
4694
4550
667
4074
1880
3196
8340
4904
8539
7799
8419
2385
628
3993
2621
528
3091
2424
5741
885
6324
7519
2056
1397
5623
6768
8361
9594
6487
2878
2626
7533
3780
9644
7958
5659
2839
6297
6914
7730
447
1684
114
7426
5677
9086
4305
8767
1509
45
9651
4184
7563
1706
1932
9537
4825
292
9130
1312
3170
8108
8844
6949
4103
6801
8959
3294
9449
5873
1023
6247
7556
1136
24
3232
6573
4328
8350
4433
724
8000
4968
4638
6057
6899
4174
882
7190
9656
8545
6711
4115
7388
3659
8217
540
8970
7862
6340
4842
8884
8938
8749
6371
8961
8333
2943
9640
6682
3727
363
1034
8694
5000
7090
5592
9173
7971
2782
5180
6515
5844
9294
254
5855
3863
7145
4824
1724
9836
6017
6960
8773
4765
3330
7733
9449
2625
3724
6131
2703
4086
3516
1397
5437
605
6988
962
4928
6121
6141
7794
8317
1787
4400
4171
5649
1544
8994
3724
1380
5010
683
6504
6126
365
589
5575
9341
4312
8057
2043
4750
1572
9791
186
8528
3131
1147
3455
5603
7288
1249
3919
9074
5648
8089
1074
3543
7082
4797
1274
8443
1832
7778
4569
8548
4718
6495
7888
9029
4551
6282
130
2474
6073
316
1001
5555
1462
808
1157
5101
2056
5076
526
4055
9516
7951
3949
6598
9100
5223
1392
931
9352
2312
5830
421
8806
69
5801
9708
6350
5931
2181
8774
6246
9534
4328
4059
341
1837
5512
8748
6912
6037
2802
6427
340
3102
9376
9439
4676
7120
6721
4027
9431
2550
799
4589
2618
6600
4296
8967
2530
2829
4093
5127
2362
4772
9185
2702
6608
4696
7801
9871
7085
6954
2650
7424
55
2025
6862
4731
5496
9934
5109
4927
2483
5908
9515
5100
2507
162
418
1388
2990
4510
6514
5351
5634
5698
4404
2241
6746
8556
2112
182
5509
4761
3957
5564
3137
7170
6646
8633
7103
1754
9911
9585
7661
5777
1036
6519
5938
1453
7906
8928
2315
4419
630
7948
6469
1386
6540
9566
9941
8651
6099
5450
9763
55
7365
9252
3576
4010
7884
678
5763
4146
6614
9776
9922
7649
2646
5859
5453
552
1138
7767
1322
8120
2066
7790
9505
8606
3707
5797
3608
9805
7598
3371
6211
4962
2622
9786
8971
6857
6815
1086
1002
3428
861
7275
7428
3506
3133
2881
409
623
6999
1731
8742
9065
5872
4598
4022
9579
394
7629
9383
7992
7351
5594
2953
6324
1731
8276
9532
8546
9361
6885
8325
6573
4159
5753
6430
3644
4985
3191
4266
1983
4921
9359
7399
792
3956
1420
6722
701
5401
6105
5044
2751
8050
4349
5427
9780
2624
4958
4677
8336
1843
3002
1260
2353
5106
4041
5996
90
7231
6613
2072
8503
5971
9471
5647
6278
7242
2368
6979
2642
4824
2022
1745
2873
6370
7171
9005
5345
8480
33
3680
322
3034
1291
2675
4491
5332
5022
4580
8914
1635
3004
7417
7605
8826
3063
3883
6067
1782
7213
5061
6606
9234
6805
5830
1956
327
1186
7300
8806
1219
7332
5480
604
8622
4506
5095
305
9527
9674
9219
1161
9029
6635
5118
7854
6049
5352
3921
7830
2564
5333
787
8149
8489
6617
104
8815
7802
3756
7620
5372
1087
9451
5976
6060
3956
1070
6365
3483
7095
1935
995
6124
8569
6112
329
969
1463
601
5150
378
5933
2289
8527
4421
8905
4982
3235
3058
8737
7207
8430
6175
3009
4405
2235
6965
1826
4951
6799
5272
6885
4145
7747
1805
257
8076
9125
8071
8676
626
8449
961
2914
3327
5381
1818
8308
4968
4876
7045
8526
9657
9571
1534
4061
8157
4850
2238
3107
8000
7509
6343
2145
1608
4499
8753
9683
3623
6823
8358
4249
1623
5670
7162
4949
1051
5332
3257
2370
6559
6653
895
6215
2575
8780
6627
732
3630
8864
190
1629
2724
2885
3773
4331
7383
2525
365
1006
5700
5075
5254
7322
744
8767
8623
1794
4098
8231
4163
656
1235
1409
3222
3809
189
9848
892
3818
5063
1082
1798
4139
3966
1923
8469
7700
4447
5186
8705
6498
260
310
172
1003
5429
8794
9149
9526
7024
3311
6534
8258
4720
9755
8418
1260
5955
9310
5077
1017
6743
6874
5155
7060
8796
9976
4759
9595
5161
3464
2444
1772
125
2615
2774
5553
1408
1922
1431
4783
1585
7964
9392
2656
4070
7810
3915
24
3471
5343
7393
213
8568
8899
7272
3716
5226
2030
3310
6738
1845
2105
8509
1970
4720
1283
3874
2479
9556
5304
3614
1140
3267
3005
3795
3689
7166
4061
3712
6988
9403
7456
7200
7971
6355
823
1686
1580
9205
4995
4670
7401
3451
3178
9370
8170
812
9596
649
368
4899
614
7859
4518
9970
1654
8206
7136
5714
8269
475
5117
5725
7675
9439
8431
4849
1124
6362
4053
2470
1031
1454
5920
4209
7175
4090
1372
3122
1090
1739
8021
8055
9598
8890
8024
7603
3447
5159
9668
8067
5634
1136
143
9660
574
8573
860
1697
1287
4913
4166
2317
2718
6438
2877
6244
6879
4249
9366
7968
2339
7386
6022
1936
2627
4045
5890
6073
5556
1910
4139
7541
3045
4282
3552
3619
9206
4411
1667
492
5675
2185
2809
8392
8622
2037
4636
1852
6285
4001
9819
4976
7738
2192
3263
6716
2588
9153
2788
4495
1062
3278
8387
458
7559
1938
428
3117
2701
2095
3608
8375
631
2768
3119
5604
4805
4106
7455
7441
4458
3625
2416
2195
2168
2031
8910
4755
1183
8049
5602
8596
1326
3988
9053
5237
2278
9481
8353
4978
7927
1960
9704
4909
1080
2822
512
5884
3279
4318
9676
7736
7942
8444
6282
109
474
5191
1215
8008
9591
3168
6603
7269
3508
2007
2505
5785
7839
857
7114
5765
9168
3169
7025
247
2343
7536
2482
5621
1853
2158
3357
6146
601
9638
2606
1074
1181
3821
9081
771
6988
2035
8039
495
4041
6895
2631
8232
4103
6096
348
3271
9265
7373
9869
1607
1260
2351
3579
9465
860
6935
5610
1460
6573
8216
8885
4105
8388
4317
1227
1727
2703
9266
8574
6743
2512
1204
4974
6615
3652
5322
9885
9268
9046
9753
7226
305
8455
804
9769
9314
7739
5379
7125
663
9946
6009
1119
8333
6677
2345
6411
9379
1610
4984
2474
474
2540
3799
7088
6191
5472
6972
5458
4517
3076
2683
1174
7883
3486
942
7196
7576
2672
4321
4590
2617
6681
5708
7301
9710
8053
64
5440
6014
5047
7913
6487
7586
8064
3574
128
9887
6897
1937
756
6325
4619
1929
4207
4457
2870
1402
8384
1894
2074
9326
862
5107
5033
4515
4816
9437
4578
255
1803
9624
4520
8289
3562
2583
8215
3689
8821
5111
5626
9576
1435
6596
1504
1993
7404
726
3395
2140
8971
1820
1465
9832
6926
2849
4346
1741
2286
8923
8348
4088
4899
2867
8728
8460
1801
6942
8500
621
8405
477
6549
6191
3425
4404
8184
7180
5129
7930
9319
4099
9749
7135
283
6675
9984
4628
4767
8621
9903
3114
9060
1153
2332
7787
5964
484
1081
4463
1105
5837
1292
4005
8379
1068
8408
2914
8247
9889
843
3918
339
592
1052
621
3618
7387
1601
8384
2359
7855
7850
1418
9007
181
5557
4970
665
2989
5784
8121
8825
3427
8477
3555
4494
6884
6469
9093
6772
7311
3010
7111
4254
4061
4083
4223
7800
5683
8959
158
3537
6808
1576
8895
3340
3484
216
356
6472
2352
4828
1648
2130
3304
5202
6624
6540
8022
5716
3311
5333
8725
6773
5938
9137
7208
161
6936
2890
5471
7094
2779
2278
5021
8025
1969
8504
8241
2325
4975
6944
3504
2974
9073
6808
4527
2048
3347
2549
7763
3009
4233
2839
6134
170
8328
3341
6682
1615
2582
2152
5060
5360
781
80
3385
2750
4935
7977
1426
6261
4920
4929
9234
3992
8088
3761
2392
1434
2661
6506
795
6893
5697
6928
7062
4024
6620
96
1990
9201
2247
7050
4561
3028
3481
4297
2129
8416
8625
3554
4676
3544
8482
262
3887
6570
374
6278
4355
3034
2784
5149
9926
4832
8428
3339
8855
5047
3434
844
600
5681
4245
1512
5060
7726
5808
7188
6141
784
741
7168
4327
5574
3781
4565
8495
4154
7195
2850
3539
6330
4350
3464
1161
9130
6803
6367
528
6588
3562
1127
2268
7807
2638
3679
5532
4797
866
8024
5580
7958
5191
6258
3532
5324
7175
8378
9477
721
1227
3016
7050
1929
2831
4562
1058
5985
928
7937
2573
841
9064
1192
8647
8053
4871
530
9202
5736
8553
1133
3694
96
3743
3577
5419
917
1954
1247
1637
9533
614
5038
7813
3445
5951
5222
9429
3230
3158
8353
4070
8573
9545
9069
6626
4415
9598
2179
6502
8151
3311
6547
4598
7053
6475
6368
4321
8429
7614
2309
4313
8228
7346
2125
8024
9648
3698
3804
2877
6855
2157
3299
5428
1701
2367
8405
2467
1964
6935
8968
6466
245
1867
1063
3650
8341
7430
7970
3121
1396
279
7433
5975
3976
5909
3998
9976
9606
7801
2852
2813
6309
2502
8240
8009
4868
2996
6827
6832
6282
5795
9649
6526
7661
712
6527
2353
4493
4497
5474
2240
1127
2906
8214
1454
5167
8563
1429
4772
2716
633
3936
9024
3134
8527
3385
8002
1522
211
1185
7803
2357
833
681
6369
7896
7207
8722
8741
8055
4195
980
5533
3452
5546
6987
4970
4108
4767
6094
6823
5399
29
2199
4885
8556
5583
2886
77
5793
422
4232
4502
7606
1264
870
5502
4822
9591
4242
2877
137
1573
4761
9941
7118
1747
4910
7578
2866
1003
752
8264
1032
2950
3148
9587
8532
2385
6015
677
9158
6598
5178
6764
7861
2399
8617
9035
8342
9210
1911
8478
782
3023
8418
4252
4770
9680
8181
7635
682
8932
2250
1713
8234
1750
1299
3117
486
3666
3793
5996
263
5322
2759
4476
7721
1375
3510
6062
6936
5420
891
7717
4794
5661
8320
9563
5340
6500
3549
6021
1784
2151
4086
17
252
1736
3133
737
5401
3278
6732
5664
4951
5842
139
2671
3568
10000
5084
503
1771
2327
4572
6564
7987
2891
6127
3326
5743
6027
5698
7526
4529
9783
3894
4780
7871
7026
5517
3271
6655
8600
5286
1606
4442
1776
628
8009
1775
2064
8512
3545
4390
3083
109
8728
2325
2587
2053
8067
4965
4102
1944
9494
237
5837
4273
8107
9215
6141
1377
5869
4741
3015
3826
5534
4790
4454
9894
2917
2869
4757
6461
7258
4191
2921
5985
6516
5507
4389
934
6824
4842
2878
6317
5078
5066
6941
3184
4280
3082
913
6501
4174
3927
326
6059
5068
1131
5952
7984
3999
709
4445
7608
4899
3717
9944
7766
9224
4332
8700
2399
9174
7929
8715
603
2994
5655
3787
7274
5088
4699
126
5613
4977
6803
1671
44
4286
7623
8028
4636
8331
8824
2244
9581
8892
8539
7347
8115
9223
6046
513
8396
3974
5579
5350
3319
7586
9136
6944
9025
186
7069
4638
5162
224
2660
1558
4509
282
9585
9144
4964
4760
7739
897
3651
2630
8243
8118
1852
640
4982
6599
965
6913
1948
4283
4498
1084
1227
9874
7621
4647
4511
2783
4870
7171
692
5730
3804
6628
4874
5120
1387
8964
6016
1389
1593
610
5858
9796
1249
7192
6394
2213
4104
8342
2847
4953
5777
425
4826
3397
5072
5689
2531
9941
9211
3222
2023
9366
9849
3248
4485
7587
2211
6852
5328
156
7461
1185
9951
5061
8376
2697
7273
8831
1038
6472
135
6814
6896
4961
6562
1967
7001
5445
8260
6211
8666
282
5576
4867
3529
6413
8805
2091
3264
4132
8598
725
1669
4901
5785
6396
7597
9410
5227
8634
2233
5361
1799
9128
6673
4712
7447
3673
156
5706
6235
5174
2339
8163
40
2219
4575
8844
4309
7838
2976
9259
4914
4644
4159
7051
1039
1755
6460
2617
6740
8692
4330
8538
4171
1002
3249
1617
1027
9757
3674
3613
4930
6012
1775
4969
4582
6349
164
8891
4187
9491
4501
5452
486
8659
2502
7877
413
5313
493
3504
4004
4822
2041
8175
2176
1641
6143
9554
1397
9817
3166
6326
2180
4941
7646
6762
1289
7810
2004
1827
7300
6504
3631
4138
5162
6132
2014
1926
1445
2506
5429
1800
3680
3821
6326
2207
5461
2469
8112
3210
2285
1277
5887
816
2569
3533
7577
210
7694
9580
8388
1345
6083
2018
5482
7596
4502
3847
5873
5946
6353
1301
4097
6384
1473
423
4942
3286
9243
3053
2847
1527
681
8733
8694
3250
8617
6271
3459
2662
5850
8198
4007
8285
216
5840
2232
4717
9687
8105
7014
2391
5757
1110
5126
7230
7884
67
6867
7126
9471
9713
5004
6503
8445
3698
9752
3414
9968
9562
6075
2169
7760
81
6805
4327
2273
9037
5395
1959
7141
2408
701
2897
9869
5826
6478
7753
2244
3344
4878
8066
9408
9882
4568
4205
3579
672
7618
9898
233
3692
8418
4344
125
5223
8670
2397
4259
416
707
1399
2823
1407
647
9044
3584
3477
6796
5827
3172
1673
3892
2580
7906
8459
6784
7836
9130
753
4085
5715
4444
2503
6410
4568
7725
1432
3316
1983
1847
374
9733
1022
8132
6731
65
1715
207
6860
7541
9731
4884
7784
8662
9142
2595
5445
6977
8076
2549
7414
142
6992
9916
6552
7912
3992
7983
7579
5974
6181
7953
2058
7202
6084
8788
7266
7799
5347
477
1691
5077
5361
5827
3738
854
8421
5534
4182
2848
8082
1595
2990
1425
7862
5893
9336
1853
227
3267
7826
6407
1219
6235
9961
7302
5023
3578
1452
6721
4055
9495
1797
5767
5321
1886
6620
93
3771
801
2940
8204
8748
2281
9628
6609
8173
5316
8462
8399
8582
2639
1158
9800
5226
1118
3453
248
4695
1257
6968
5101
751
5116
867
6071
7001
3838
6163
7123
991
9102
5326
9738
1383
4953
2698
5907
6620
7511
658
5201
6502
1815
1352
1727
9284
1157
8326
330
2413
5293
5431
3163
6760
2649
9233
112
6487
1747
7234
3829
7200
2559
3566
4934
3863
2615
841
483
126
1498
2035
2979
9664
3387
4705
5299
4543
3030
5628
3307
4674
1058
6469
1433
3707
2053
1544
6545
3799
5129
373
7350
4039
290
2284
7901
9256
9476
4735
5733
7325
6770
8711
6988
6508
3415
2286
7402
2796
4265
708
7469
5323
7176
5253
5381
5580
3148
8277
5730
8276
5001
3079
2314
1642
1714
6567
897
1189
7653
6630
8513
774
5340
1852
7281
5107
489
4682
7902
4754
1741
1723
76
5268
6975
1808
847
123
6436
2928
8398
1436
6007
7064
3077
4072
9982
3973
5261
7634
6954
3773
8408
8646
1977
2040
3752
2465
3074
8005
7218
4814
9727
3645
82
6702
1804
7280
6824
8239
6560
1573
6026
2566
4988
9102
6637
4969
9427
8249
8955
6380
8374
7362
1377
350
5753
5128
2814
8826
3133
32
3640
9211
28
73
5912
1832
3704
9087
70
263
7012
6096
9180
8351
1549
2169
3320
7327
6769
2274
59
5142
5987
1435
5491
1739
6563
4657
6917
6047
1040
6908
5257
1067
3332
7521
2898
7035
2959
9320
3650
6322
1767
9181
4673
3315
1349
4344
642
8118
6617
700
9611
8955
8486
1454
7045
5048
6110
3961
7446
7149
868
9055
4567
4199
2927
7465
7586
2237
3136
7587
8559
4902
6767
9583
8216
4468
3926
5209
8937
6894
2260
8547
5848
746
10000
9244
2145
2461
3205
5943
9609
424
4997
528
975
4275
7992
8560
6511
7479
6146
1421
2380
2912
1003
6947
7379
4928
2156
6315
8173
767
1214
372
1512
1213
9616
9
3674
9172
5951
9634
9595
7299
6513
569
1573
856
5480
4435
8334
1625
5856
713
889
3210
7660
4619
4490
6167
7286
2662
6933
8499
3034
4797
6063
2649
1157
6088
8172
3459
2074
7766
757
8586
4687
8681
9442
166
9467
7775
1791
5322
4840
9031
4884
2499
3649
9373
5017
934
8386
1949
5784
1419
3097
1847
419
4253
4286
8590
7711
6359
2708
4819
1297
7394
3499
738
7559
9318
4864
5701
4639
9703
1083
5874
8553
4732
5246
3569
2017
3632
1870
4153
1402
1318
2351
8173
5571
6636
6762
9633
9347
5821
4452
643
3214
4302
7732
7125
3619
2595
9177
4610
8650
260
6835
3554
1343
2081
7123
9711
2064
5344
3863
9817
6661
6213
7989
8583
9201
1103
8216
8547
6923
9019
5541
6489
9672
3272
3613
9643
2218
2789
604
7219
9400
7438
773
742
5870
4247
453
4285
5942
4315
4102
2602
6880
8442
7537
2432
5896
2104
978
2819
7474
2870
5659
7145
6141
9271
3139
4710
8411
3742
1929
4163
7532
2701
4904
3401
3299
1708
4038
9240
2375
4491
8193
9254
2932
5729
1685
8828
7832
9014
7998
5305
1883
3656
8802
4375
9278
1940
9084
4040
2034
7364
8202
9565
6416
3106
9317
9714
1165
3354
5305
3539
7844
3498
9144
7128
9226
828
2307
7058
6193
304
8714
4427
311
7515
8801
9588
5807
4237
3627
7840
7952
8181
3756
4368
7638
9424
433
8802
2778
5738
2341
6973
5587
1484
452
4812
8664
2758
8221
1208
9413
3287
5635
9723
801
787
9310
2959
1375
9289
7150
9327
3821
905
46
1458
6681
6830
259
5810
8919
8951
2782
4505
435
9586
5669
5450
2343
241
6657
1756
3527
8643
7830
680
9430
3492
3638
7156
9132
7140
2834
2952
8044
2879
4409
1076
6061
1019
6885
4979
9970
9667
5836
6756
5604
1504
2205
7946
8096
5213
6053
1623
3856
235
2302
9637
3726
2291
6792
2857
9430
9626
2160
3826
8856
6568
4901
1268
7586
1786
6247
7555
7804
8434
4310
9759
6289
2866
4056
4384
8079
6461
6006
8286
6695
4659
7922
6772
3302
1065
9628
9083
690
1787
9260
5898
4706
513
7165
8643
2298
9763
6198
6453
4548
6859
6211
836
9725
266
5220
4155
6726
7577
2440
9772
2236
6713
6543
1889
7777
2522
971
4819
660
231
716
5365
743
4232
4008
9392
347
6557
2196
4894
3415
4758
2082
9491
5023
7301
9997
8101
4877
8788
7872
3464
5500
767
5352
3277
3288
2675
8095
3948
2905
5162
9312
9999
5745
9671
9390
6091
6227
7937
7337
5994
2694
5770
1836
4068
3070
1833
8520
4298
620
6392
7762
6120
3510
9465
5748
6797
2139
3842
744
1395
5355
56
1393
1099
6078
7134
3542
2305
5070
7230
8298
4115
2999
133
8183
2420
8317
6702
6717
8937
9445
830
1408
2954
295
7155
9751
8785
7348
494
180
2702
6901
7924
152
2979
5058
3693
1635
6479
922
9932
594
272
6416
8776
2691
4733
1829
9408
21
1274
6589
1428
4227
3235
4934
329
2020
2281
7175
8551
1334
4075
6474
1485
3405
7883
1530
5039
4362
8803
1322
1307
9075
7738
6434
1765
2470
8262
7524
2490
5887
4113
269
114
7347
5202
6794
9366
3834
3968
7916
5167
4395
742
3003
4151
8624
4532
9190
2985
3335
6863
4291
8761
4600
724
525
3421
5338
8049
2262
1224
2161
2530
7689
5859
4083
4483
1577
7916
4802
9492
9434
5548
6585
8789
9699
5209
9672
8888
4545
9358
5750
8836
8118
6702
5911
8643
122
7600
3043
8736
8824
1555
7617
2864
7413
1700
3698
8989
5967
8500
4833
1753
4047
1417
541
3745
6625
6564
8984
1170
5922
1086
6357
4039
4139
8619
9033
612
2571
2075
9347
7746
9981
6964
609
7394
5015
4307
2734
981
9158
7566
9085
3204
5335
5977
3301
8311
2541
8636
5832
8462
6073
8540
8852
211
3511
7885
823
6081
6311
6521
3826
2644
3484
786
37
8498
5092
9122
5831
4249
3040
4915
3805
8374
892
3457
3036
3432
8444
8868
8245
4517
7407
3448
4727
917
7684
1901
3349
347
8422
7174
2990
1905
7960
9378
6755
9403
8499
8937
4
1538
3851
160
6263
1094
9968
9299
877
8411
8166
5473
2927
1924
8921
4006
2841
6604
5906
2541
6950
4327
9715
9939
2584
4026
9316
5690
3428
4167
4626
9783
5704
4828
9942
8319
5922
9909
7617
3150
4672
2134
8623
7598
4057
7543
1603
3249
498
3861
5790
7448
4539
1856
3738
7122
5881
9406
9163
5660
3572
3788
1795
5627
4968
1736
3945
7241
7997
7913
390
2668
46
5364
6617
455
9258
4572
55
9756
8432
2196
3555
2970
4051
3644
6444
6283
3049
5606
8295
2972
5746
89
8599
713
8176
2543
4305
6172
456
4694
5191
6853
6410
8160
7307
5667
2731
7362
1774
1162
9557
1680
483
9960
5324
3278
2594
4724
8884
888
7696
981
7328
6294
1693
5504
5188
2349
8027
5643
7042
9570
2496
9803
7729
6154
5470
459
9867
3595
7972
5776
5275
8454
5735
598
1732
4680
5321
6967
5568
9368
7947
2895
5661
5991
8398
849
8339
2777
2843
1732
2346
1690
1535
74
4196
3356
532
4062
6950
4855
9837
8576
9660
1923
9173
1391
6603
846
4709
8522
6565
9007
7768
2226
4997
2518
9426
9687
5294
8620
7771
7639
310
5657
4064
4505
5364
4595
4918
2313
5801
1107
7241
5460
9381
6413
6851
5983
3610
7911
856
175
6918
8624
8752
8266
1141
4529
4305
6434
3148
2075
424
9809
4083
4487
665
9446
5433
1935
8110
1233
3041
5350
6692
2421
8115
9894
4756
1724
7805
5611
8250
1074
4234
3353
5691
1726
7881
9995
8159
7381
8421
4934
3541
2503
9420
4206
1948
4852
6140
58
2436
9180
5407
9128
7952
3521
5373
2707
1597
9529
8318
6198
602
8903
9551
2645
629
3783
2639
5139
7515
1060
73
1056
9914
9492
1613
1862
696
7752
8271
3131
3283
3677
8610
1234
3550
3983
293
5146
3511
4962
7695
4113
3864
3597
3109
844
7380
5747
5983
1246
3158
6055
2301
3072
1898
3913
1285
2593
8016
9555
2076
1298
9583
685
8884
3132
4667
9176
4629
8178
4137
8676
8642
4352
2272
1750
5196
6003
3848
1178
7249
3358
3584
9549
2781
1833
9814
4065
778
7829
9971
2853
5479
5905
3537
4362
5389
4556
9889
6369
9085
377
5044
7726
1080
7316
5827
6275
9670
6026
3804
6918
9383
3739
2819
2163
5572
2632
6227
6349
460
2549
5553
5938
8454
9089
6651
194
9996
2891
6562
9080
3267
1606
3157
699
5273
8983
6973
4942
5009
7129
1860
4391
7219
4678
6554
2790
3661
9132
5490
4120
8033
1042
6410
2838
6483
3060
3031
6478
5951
9592
1910
5569
7549
5066
6267
2821
4049
9592
4115
5409
6720
2326
6151
290
3355
9056
9432
7015
4540
4921
1134
2572
2315
7543
1761
5149
6955
4791
7978
2905
734
9887
8473
8283
4953
1092
7455
5353
683
7921
7113
3754
246
3263
4043
3600
8671
3474
614
3210
4747
8100
2133
7061
5642
3893
2209
8948
5035
186
1852
2120
73
6677
6754
1377
7768
4209
6729
8450
8481
193
2203
8727
3455
2597
2326
2125
6071
9292
1686
817
7391
3818
4229
9384
4062
6437
8332
9096
2974
6535
7568
9398
3211
4321
774
978
8529
3854
5779
7010
4046
4333
2088
3853
6930
765
2329
9352
56
4015
6520
3798
4184
748
3182
8246
3536
7865
3693
2861
4399
7612
2259
7610
1933
9384
4939
461
9590
718
3822
3635
1402
2261
3839
4683
3026
6168
4034
3081
6534
6905
6879
7069
7652
6412
1666
7539
4276
1711
400
5026
9322
2658
2635
1254
8393
3926
8067
7982
995
1888
7969
2396
501
8159
3431
3526
4326
7464
2958
7211
4369
9836
4280
8372
2599
5945
5911
3226
7655
2662
8252
6977
1671
7238
8230
63
1163
6296
4397
8509
4536
2365
7257
5036
523
687
4913
1201
8150
7870
4763
8870
4058
9042
3594
6656
1339
5856
9882
5345
8517
4485
2321
187
1722
6903
6601
9237
9550
997
7745
437
9713
5001
1824
236
5687
6736
7788
189
958
2550
5410
5015
7944
9003
8022
9282
1210
7903
4626
6078
8739
3299
2616
461
6553
9217
9697
2454
6565
7441
2891
6278
8794
1066
2865
4480
4154
652
1020
5111
9553
6430
6477
7496
1784
4498
3129
2994
8753
4107
5423
7491
3757
8039
7951
6661
3607
3999
9114
171
7792
8356
2800
6585
9422
5664
7416
9927
2667
8436
5037
8572
1217
1513
6067
3000
2362
5548
2345
1114
6006
7768
4957
9762
2158
9259
6422
5764
3258
1887
5934
7401
243
5086
337
9664
749
7752
9590
9768
2539
978
8339
3755
8842
4405
6755
7555
6304
5451
8669
2309
9570
9977
8422
1727
9235
1195
3842
8844
3082
6128
6244
3324
1213
2932
9339
1961
684
5280
1728
3222
2609
66
3329
1450
823
6435
9004
3478
1885
4024
5787
7807
4000
560
9533
9587
1755
9727
8430
4836
5854
1026
8159
7066
3957
3849
9026
992
9128
7106
566
1736
3523
3894
9537
4345
6680
8540
4175
4916
8916
6313
2722
9267
6872
8607
8853
8626
8333
3635
9813
4186
1012
4323
1251
4968
8171
6628
2312
7298
85
2877
5385
3608
3122
4921
4304
9801
9813
8478
4716
5080
1142
3790
4346
8014
2396
9551
2991
7080
3185
2804
1265
4196
7126
8867
5515
5297
1846
7826
8946
1931
7054
4331
1890
6527
5603
2545
2679
1767
1023
3747
6846
2164
7536
1192
6529
6283
7094
9520
3362
278
8675
978
825
5800
9844
6339
7448
8041
517
2746
6323
3922
3428
8212
449
5382
757
9479
7149
8131
3225
3994
6646
7112
1537
3175
3394
8630
9046
3107
5259
4072
4084
6083
9871
279
8774
3671
8320
9290
2768
994
9563
6195
9206
11
1576
9962
5842
8724
4444
5418
9070
1089
2530
6958
615
2275
5588
6012
1734
846
83
5817
3281
6306
2448
2054
6328
7119
1343
9095
8112
905
5289
3669
7268
3216
9982
3109
8292
4425
8526
3713
1866
7407
670
2480
6034
6257
4844
7767
3455
4926
9935
6735
1231
2382
8788
3910
5852
6482
3004
3964
3738
4644
7632
1005
7860
3966
465
2503
8390
5343
6215
255
2749
6884
9087
8782
9493
3930
2900
2947
5207
2835
6033
2790
5216
1172
6699
7420
7653
9703
1383
1390
4346
5366
8747
8557
9331
5563
7411
4073
905
3625
4327
6
6861
9765
5139
6353
46
8039
5651
5253
873
1683
8042
2440
9206
1092
9859
6858
7146
7593
4599
1492
9311
3345
6400
4993
8908
3811
9065
6164
3787
9744
6169
647
5860
7660
3351
5906
2050
9001
7510
2922
7035
1903
1713
6240
2994
7924
9449
140
5516
4048
7983
1178
3744
734
6171
9003
4544
1587
5167
4683
7682
7687
5329
3542
1698
5032
9447
3747
4032
6956
3020
7419
8858
1085
10
8203
9008
9459
8342
4523
9858
6324
5701
9953
3410
8223
8956
7953
9809
474
8987
7491
4512
4316
7384
2562
9347
6830
6308
9730
137
5680
7148
5346
6764
3510
9900
5771
2968
8242
6645
9177
917
2345
9129
4326
6919
4436
8631
6728
1261
7617
570
5773
8284
7953
8334
3982
1134
993
64
7622
3024
3563
2967
9787
7072
9218
5557
6391
7459
8554
5567
4728
898
4696
5405
4169
5483
387
7248
6744
8004
7817
8868
2639
2121
3553
2973
3254
897
3036
875
3921
6598
193
3707
22
9410
5616
6412
3221
4169
1979
4300
1418
3026
9704
5586
8508
6443
2833
1603
798
7001
470
3436
9121
374
2760
8726
1271
2147
9600
5191
5097
6144
8897
5118
1906
864
1529
1478
5032
9859
5777
6450
2884
1832
8387
7744
8274
7572
5698
9071
4572
6168
8859
45
2893
1618
8770
4163
3765
4722
9353
8861
865
4602
330
9122
5465
1858
599
6849
8069
6375
9650
952
8207
8036
5047
2832
1959
745
1903
6531
3264
7113
2927
6156
8730
1696
6671
8846
6417
6023
4058
3634
6976
4387
2755
8793
2597
3354
5641
665
6080
1642
7968
4286
6029
3015
3470
7988
111
1724
870
9726
8836
3796
2233
3917
5491
8903
2763
8260
1278
3172
1893
4605
7559
999
3397
155
4352
5389
819
432
7030
8786
1069
3059
8152
4538
7398
4614
6261
8267
691
1448
8414
2924
5365
256
8178
4479
8515
5807
7650
6759
412
1560
7758
3808
1714
8461
5549
8884
8892
2578
4022
6313
1988
8525
850
9385
3139
3463
4003
3829
4910
2416
3104
6626
2672
1282
1104
1186
7088
5106
4297
7499
6665
2054
7659
4731
6866
9559
9966
5758
2136
339
8422
476
8864
9271
9860
8354
9085
3863
8534
347
6278
1638
6972
5301
9271
4428
6487
6358
5885
7135
209
8901
5540
4219
3631
2405
3777
9949
4514
2264
287
2935
2739
5502
8558
2599
3855
7642
2813
2389
4340
5442
378
7664
743
9648
8443
3581
6005
4327
715
2565
3227
6254
3135
3210
5010
6911
9510
9524
9175
6148
8810
1913
1650
7367
863
1856
1361
27
596
5700
5469
973
9715
6211
620
8157
9791
2977
8835
6857
5541
2062
9462
8676
1623
4471
1938
7484
346
7464
3631
9156
5729
5280
6522
6591
7136
7882
2970
7731
9934
8438
5056
9648
1000
5675
4157
790
8651
2991
3998
544
1404
3459
5571
9378
7929
3860
6861
8275
1324
492
3782
7052
2123
303
9994
5610
4537
2963
9693
4470
7752
4748
469
8751
422
4625
9540
5425
7616
9889
2320
5371
3347
4242
4749
1276
8101
1609
5902
5776
2100
6035
2827
4223
6337
9173
9832
7225
2135
5876
8046
9887
623
8515
4989
7397
9491
881
9173
3458
769
1492
8829
4116
2085
3577
1743
185
1537
3996
5961
3637
30
5139
4211
2718
4311
394
9943
2798
6270
7988
9036
3244
2854
4024
640
2345
4904
9812
5802
5673
7655
982
9788
9739
4558
1530
6276
6095
1877
8588
6083
1906
3726
6645
4623
4389
3390
917
7186
9659
8905
6221
9255
1758
244
9894
454
5148
9706
2608
7172
3712
3589
6959
3451
4499
4840
9726
6945
6716
4665
3027
4973
8390
6023
5947
2778
9412
6864
9963
5423
2120
2535
4677
229
2779
922
683
4278
6979
3290
1449
691
6878
8407
4141
7728
9598
218
4672
2665
1234
4050
7637
9623
72
9935
8753
5836
6798
5067
1258
8917
7602
2286
9146
6732
3207
6180
1009
186
9469
2457
876
2698
7215
1368
426
3164
7937
1449
5828
9170
5499
9816
5144
5570
9750
3896
7757
6548
8963
9014
1816
2916
7651
7313
9647
858
3492
655
7395
9312
9463
8270
8362
3029
5989
5139
6192
277
6587
8371
5798
2085
8186
941
4007
4287
1189
1763
834
6503
7129
9002
9418
4779
2666
9064
5636
6158
6070
3030
1821
5532
7651
182
4912
9991
5320
1103
6619
8259
9473
2416
343
7658
3357
701
1944
897
2464
9130
7399
9592
4483
3168
4370
7148
8583
6358
9657
4652
5739
7830
6535
9742
8011
1446
9732
9683
8900
6351
4293
8372
5118
4635
2381
4826
5336
676
5722
4151
6157
9472
3742
6991
2639
4463
491
1221
7172
147
2224
2911
7976
8758
2652
2339
6555
8735
8373
5454
1437
2665
177
6555
3651
2557
1380
5338
9585
3454
9488
2093
2925
3229
9084
5564
4044
9574
3136
1215
6072
5360
4125
4048
469
3128
2738
7024
8215
1110
8829
9651
126
9006
2557
3776
7914
289
9114
3850
3742
4953
5943
3018
4534
5026
4933
8577
951
8069
9791
7022
9780
268
7421
248
9747
158
3623
7961
7619
2452
3964
4096
7809
6520
4224
5722
6808
3337
5924
6901
4641
1866
9919
9174
3243
4851
7750
4193
9271
3893
7566
9050
512
4987
9298
258
1496
2920
4571
5467
1723
8534
9562
9531
5053
3785
1605
1861
3473
7528
8761
8114
5745
8679
7287
8987
9882
1389
9531
9152
5281
7096
8202
5792
8434
3851
2401
9930
3122
6971
1748
4845
5504
1309
4375
557
1446
2331
8769
1270
6210
3881
5735
1954
8912
9374
7292
8793
762
3174
4296
2394
6622
2497
8185
5055
2699
6937
1336
5821
3908
3083
665
5763
744
1391
6319
8541
74
1439
9810
6283
5320
1897
8237
4231
1270
1880
3023
2031
5054
7318
4424
1675
6167
8960
3081
5217
5896
4417
1037
6155
3851
8053
1918
946
5796
4588
9486
5869
6027
5648
2151
7698
7544
6739
1928
8813
8619
1302
7195
24
4971
1618
8050
7489
577
1130
2706
2824
1898
94
5331
5749
8147
7248
6694
3942
8187
2532
9810
565
4531
8312
8262
8426
1403
189
7238
6373
1490
784
6396
6461
2401
4445
301
9329
1926
3006
8504
3824
3100
3834
9572
1246
1081
2617
1539
5620
1500
7700
6184
6030
2363
4446
807
3765
4634
4396
137
2476
5179
6532
5288
7579
7328
5588
3259
9254
4946
1763
3077
8045
5596
9000
5642
3029
7968
3532
8648
9468
1231
1183
1849
3593
5628
2656
7358
6614
7051
3846
5441
2230
378
7080
6160
4057
2667
5771
3310
3964
7533
2738
2008
9480
1737
4001
8860
9705
7532
3859
5524
5114
5042
3724
5059
669
6379
8768
3634
9782
2613
9074
8363
9342
6153
874
3399
5172
6644
3060
9135
4176
5798
7495
8
3886
7847
8867
9942
1731
9078
1817
3196
4119
5541
8254
1139
8271
3373
4773
8052
2338
198
2766
1679
2703
3640
1429
4226
283
841
3360
811
6638
7206
818
6875
5053
6036
3169
3135
5113
4985
6330
9231
525
4584
6722
8796
4308
7846
3199
6645
8043
5965
4676
745
9604
2456
1322
9886
3296
4682
7048
6285
8239
7865
3160
9643
253
2680
2777
1717
7664
9107
7300
8189
42
4021
3336
701
1866
6534
3698
9908
8850
8373
7005
8453
7180
4678
4691
476
5711
1738
6760
3950
5955
6271
9944
6207
8950
2721
7923
2966
8179
5222
1154
8220
5594
841
8920
7459
3726
8969
3719
2576
7341
7075
7380
4521
1752
2070
1348
7463
160
4459
7764
6114
730
7707
8672
6031
427
2946
8996
8605
4520
6501
3176
113
3693
8448
3924
7419
7416
7642
6346
1109
1068
3725
1981
9171
2147
3328
6633
2306
7786
748
4771
4867
8455
3442
7250
5233
6387
2597
190
906
5450
9717
7371
9142
8164
1294
2912
1932
8935
9257
9392
6354
9334
1372
5524
1480
1051
8509
3785
8836
9256
4907
55
7710
8348
3656
9295
4734
6252
9484
1992
1701
9200
9362
843
3716
655
106
5647
5941
9363
5038
2294
8696
2761
4169
6527
3811
2677
6663
8998
8285
1569
5404
5994
9916
9059
5288
1001
5311
1123
9344
7011
323
8705
4205
390
5711
4311
6036
1651
25
7425
296
5072
6537
817
1598
347
3493
8260
5696
1777
9828
1100
4123
6095
158
5762
7095
1820
6885
6439
5183
3559
1495
9387
3948
7206
49
6335
5208
73
111
1856
5144
6647
2672
3093
3345
6164
1352
5392
4293
7531
6491
4767
3625
3001
528
7072
4820
3764
9862
2
3674
7708
5741
7621
4913
2141
307
6473
2214
6769
8328
3709
9767
7351
6802
9463
9866
4505
4855
4158
8388
7697
8924
8364
697
5804
5435
1869
9567
1648
8222
3241
9356
314
7213
620
2455
7520
3444
4668
640
1771
4728
407
5473
7881
9869
5339
8738
4723
9496
7125
8772
4772
5488
5820
575
7275
7688
141
8922
2262
9733
4629
2575
6946
5249
5029
817
8692
6048
1456
6815
7128
8214
2287
5008
8083
3977
97
9157
3473
7221
4280
8244
2709
100
5170
6335
4139
1662
5256
6400
1395
6237
5327
8340
1485
355
5508
6528
2755
3315
9694
9882
1529
8333
1241
5963
2309
1338
1471
2133
8558
5751
6728
7618
5850
1897
3952
9988
3559
5560
2740
4953
1796
8066
9644
9632
4772
1503
2511
7526
4817
2205
7407
2697
6889
5000
5011
9197
6337
6482
1330
1246
8584
4409
5216
785
6306
5519
772
9864
1078
9863
1168
9225
7928
7163
5208
2700
8665
7719
6577
9833
6275
3984
8882
3163
8983
3892
8711
1671
6725
6392
2916
5308
801
8131
6092
7106
3650
3216
3321
1079
3078
4488
6656
7358
8002
1863
57
6666
9581
2985
2850
2207
6968
1731
5369
2302
5623
432
324
2347
6823
3240
4007
7623
7722
98
1080
7723
9665
752
8802
2743
5239
1809
6452
9592
3671
2860
6257
9604
5844
9107
1810
9164
837
3531
1465
2811
3962
8141
5158
7136
1380
9164
1111
5453
5613
2190
3176
5278
2942
8329
4372
4532
137
7175
4124
159
34
6732
9762
5877
2190
7924
5040
3027
1454
2857
2189
1767
997
7346
8902
8728
2861
6364
4180
4826
8554
3707
6455
7847
2035
7178
8730
8523
4352
9205
8682
4385
5937
8443
6613
8126
2718
8005
7504
4171
861
9693
2289
8209
3390
1191
6936
2603
7554
7467
7428
2459
7526
234
6657
5912
7411
5387
4435
8114
4591
9468
8850
6879
4262
5462
5005
6980
3466
8860
1150
678
4904
3439
5238
8294
981
2173
896
4886
5992
4675
3697
9869
4908
353
5780
8670
2091
6566
6783
6682
6033
5632
3560
6647
7445
4916
3626
7263
128
1127
4292
5031
917
9530
3324
8249
8054
571
3135
4045
5245
6831
265
6504
3535
6045
5173
5626
8962
8307
8659
4995
290
8570
1641
7735
3486
1618
1349
9965
2744
5640
4995
3661
5169
4671
1909
3223
5241
1395
3619
6838
4577
3884
9693
8112
9928
4866
89
8889
9524
8747
235
9814
7316
8227
3900
7153
9844
1600
7117
8940
7239
2112
8952
2408
3134
7212
1982
4726
4959
5600
1563
9535
9483
1256
3998
5762
2473
4086
1003
8348
2832
7589
4513
148
5816
8412
7300
2011
11
4417
7302
3602
2880
6253
2361
2365
9817
4342
7090
4775
9941
8653
661
5776
6260
4659
1537
5084
8744
8891
3431
7928
6480
7944
8075
2295
2707
1726
657
9070
2494
7959
2671
1725
563
1383
4089
379
5724
7531
1505
5664
2535
2166
1439
8794
6824
9328
229
1919
8218
3659
9846
4697
7954
4272
3343
7013
2350
352
6082
4843
4662
5104
6568
5224
6486
7008
1955
8561
4538
3459
4224
7072
1976
2015
2217
5151
7694
2445
7070
5911
2456
3267
6960
409
7539
302
7421
9888
7005
9854
1082
1666
1309
4001
6890
7794
1009
5196
6354
1898
5006
6930
5322
6982
5296
7538
2132
2989
6335
5553
5251
8790
8820
2210
5550
2710
8864
2971
2597
5868
9176
30
3886
485
4031
775
4630
1391
2322
7336
9640
7327
617
4961
660
5912
8851
9144
5252
5185
4696
502
326
3515
9064
5875
6224
4279
5197
5172
6498
4373
1554
383
1209
5584
7509
5838
3326
9830
9525
2965
7157
141
4278
4168
6052
3128
3311
7655
4664
8007
8157
4989
7873
3572
863
449
7850
2412
1972
4347
6784
3525
1082
4344
5460
8590
181
8785
8420
9706
8102
1928
6198
2379
6095
2250
1858
9406
6256
6521
3764
4412
1509
1636
4335
8723
2084
8536
1134
4056
2883
4269
3932
316
8612
9392
8905
5145
8176
7324
1202
6277
5603
7399
5007
8050
6000
6864
3807
2256
3384
7570
3019
1244
5557
7354
6319
7641
5889
7452
8048
5123
8073
8331
5438
6684
7722
695
8180
2250
8018
9381
8526
9973
6780
9885
8022
9131
6748
1828
1386
6484
9397
4405
4079
1305
1758
397
5297
3998
4201
3344
9121
2273
8027
910
5308
5748
1604
3488
7997
5974
9220
2875
5946
5999
2759
319
5130
5858
2146
2867
8693
7894
7271
2772
9198
5380
9520
4495
9378
3720
4190
4850
5992
2216
5759
7652
4316
7363
1139
2312
3336
358
5186
5633
2709
4296
5951
4190
6506
4448
7056
5198
2341
679
4321
7890
6058
3841
8736
1787
7560
2926
6636
9904
1493
2395
7555
5808
6109
5045
4472
5796
1754
9657
1428
814
305
3730
5003
6810
8177
8411
2007
6869
9089
6328
4758
1498
168
3494
3285
4079
2771
6272
3982
615
8666
7888
6423
1126
2932
894
6921
1038
6902
4700
1851
7206
8429
6854
4015
6605
1616
2374
3473
7056
5053
4583
8553
5220
8076
8189
9298
7198
4461
9632
7812
3126
7519
586
604
6803
7831
7524
4192
4733
2224
6042
8290
7004
9247
8657
3609
862
1030
3433
7917
6082
4367
2822
7653
8794
1010
3302
5991
5470
9285
3803
8596
3156
740
9199
9958
8571
3074
4149
9655
1649
6542
7944
8653
5789
2952
8613
6650
3981
8397
919
6414
2764
3740
418
1557
4749
72
3900
219
9356
4054
5166
2511
4793
716
8820
3363
141
9320
3017
1790
5862
7313
442
1650
264
9054
4651
597
7450
1921
3362
6565
2012
3780
4474
6761
3851
8373
3331
9558
2426
4848
2069
7218
1915
888
6933
2055
6560
6301
3844
2421
3613
637
422
3877
9690
1424
4473
3492
3345
7834
6408
5356
7965
881
8468
8167
9253
1798
7725
1678
2997
9793
5248
4911
7032
8532
6966
3591
4832
809
2363
8445
1446
2784
2321
7487
4208
3145
7330
3904
978
3738
9259
5295
4618
4079
3461
3871
2228
1185
1900
5225
7329
3499
135
713
2030
7100
4303
6862
4261
3018
5306
2058
5801
3978
5896
6360
7122
3226
263
4451
3315
5874
9745
7932
9952
3206
8154
2179
4390
6406
3755
8071
9904
3890
8783
8286
7341
9437
5147
1601
2454
6804
10
8255
781
5906
966
4254
5483
1229
8704
8797
3454
8449
3080
3405
1654
7586
1935
2395
3991
2042
465
246
5931
5599
4883
3271
5036
29
1224
7489
3184
1233
2095
316
3490
3061
4569
8972
641
3273
4120
4094
1721
7200
3850
9726
4785
2136
2120
5127
4177
8937
1724
6459
4535
6607
9730
9570
2987
7305
3411
6171
4889
1857
6486
8379
1269
7407
3702
8261
679
7822
2354
8751
5021
2555
4828
6157
1043
3299
7635
5219
2235
9358
8030
3122
2316
7759
9043
5303
1415
8805
7825
6303
662
662
4681
8282
8068
4735
6543
5098
2556
5248
200
3928
4155
5027
6436
5197
4678
4070
6767
3264
9779
4796
6385
2095
8906
5428
7397
320
4232
1573
2975
1245
2234
4007
9527
6654
8741
2421
1751
1296
7668
8303
1575
1822
9681
8010
3370
4358
2079
137
7622
1858
1284
4006
304
190
5785
4052
6861
6369
5624
9835
3965
4209
194
9843
862
8934
2263
2613
6582
9931
7267
8156
8104
6947
6166
1474
1305
4596
7962
5278
6453
9245
9283
3108
9434
1420
7159
2647
4140
9134
8833
8104
3343
9026
7947
4204
7960
209
3168
4541
6491
434
2696
947
3733
5213
2420
5037
9809
381
6666
2613
5977
5948
5721
5411
3719
9231
8057
7858
8365
3241
2314
8059
2267
260
2262
226
6820
1782
1118
9663
8567
165
609
2299
5378
3028
3687
5186
9760
352
4150
5736
2652
9870
7498
2722
9101
1906
580
3817
5147
9245
1875
7413
9504
488
3990
2675
8621
5107
2337
7188
1623
2945
9486
7000
2324
9525
8537
8435
9876
2687
523
8879
8908
8020
1601
4360
6278
8532
8176
1424
7776
6402
5188
3631
6890
5529
6305
5510
6987
4994
9049
8609
7938
4887
5609
6614
4411
497
1400
638
9535
1922
9517
8443
6294
7469
2802
2571
6000
978
346
3775
3731
1885
3757
6972
7413
61
8834
4399
5054
7882
3007
9344
2768
4967
2309
3530
1816
3708
520
1350
5630
6388
9792
1923
3856
8946
845
6207
9923
1190
6333
5
9426
89
6977
6838
149
5810
7588
1555
3691
594
898
2811
1913
3206
2692
3728
3265
3211
5077
8894
5950
1221
7168
6157
166
8012
2363
6440
9201
8695
6444
4978
8783
3420
1815
5284
5581
9402
6838
9272
6348
4087
8434
8260
3644
1125
8339
6908
688
9767
2154
2989
987
9321
9146
7504
7333
1508
295
2885
6555
6739
7863
1689
6510
6029
6972
2091
5431
161
7714
8130
599
2499
6389
594
9975
1079
3854
7014
845
6007
3
8184
5327
9148
5687
9011
7007
5982
1896
3561
9072
6110
1602
1933
2138
8573
375
3920
5086
8088
2049
2036
6938
4789
2630
6913
5867
6483
3926
3064
8841
3928
1247
519
9427
3285
9530
6434
9266
7777
6346
4689
238
7947
6622
2375
2872
6996
2647
4309
1436
1047
6344
8373
5836
8973
5285
8054
1807
5563
1117
647
5842
2363
7518
5269
2000
7047
8054
1265
1175
751
2306
1412
5050
5279
138
7921
2274
2784
2229
61
183
8572
8434
6018
3897
70
423
2055
5632
1540
9054
1474
254
6571
3094
2253
9969
7499
9870
1143
8249
8527
8906
3298
3805
5395
7570
6078
4531
9798
2491
4713
4722
924
7082
4970
7345
7504
7024
9329
5395
6077
7154
2001
8999
247
605
8967
7745
6826
6461
2345
5352
1718
5643
9156
7113
9564
1586
1643
5714
428
2707
435
1351
9788
1756
8695
7291
5131
4375
9038
7560
1528
1038
6558
1774
7994
1877
5870
4820
4689
8215
171
6407
209
5679
9871
9772
3616
7865
5485
4043
571
2271
1745
6710
378
6791
352
5509
1166
9389
9420
2693
6778
5977
819
4772
4205
6688
9591
8894
1254
6113
1652
7814
8143
1522
3938
8110
5738
5774
8504
2660
4397
248
9369
4774
3391
9720
6634
4556
5461
6053
3600
2238
8382
4418
7009
2586
7458
2951
7831
5063
5416
9482
9229
9910
7355
3166
8020
3092
8939
2875
5751
3335
9475
1471
4461
2865
1191
1094
3772
6651
3499
7371
8888
1880
8141
2249
4465
1950
1551
2296
7012
3318
8129
6240
3228
5484
5757
7599
4927
4696
473
7030
4382
9947
8500
8842
9163
9690
6288
2934
2692
9786
6657
7932
1665
4797
6532
2481
3098
8082
1128
6461
1400
9257
9053
979
4740
4809
8577
9666
5856
9049
6695
238
5348
1547
5431
4510
1236
1718
7444
280
7855
452
8211
9519
1600
4742
8352
4697
9175
9479
1157
574
8735
209
1552
9826
5018
6480
5844
7225
5529
8890
7462
7228
436
9245
1737
8024
7314
5532
8303
5169
5983
2865
1039
7582
7606
9390
8630
3132
5221
9787
3706
307
6347
1609
133
7716
8089
5976
4941
9969
1217
2402
3548
1653
7998
5284
6028
5312
7168
4330
480
3150
7194
7870
7084
1151
3612
5713
4282
8832
1851
4339
9138
8198
2300
5622
5913
6740
1597
853
3060
9166
9607
6607
7170
7604
8242
3197
2915
5409
7526
9746
4911
1071
3968
1994
8573
7579
4058
2854
6410
5909
3545
1899
4106
5844
7521
18
2583
5469
871
5642
4634
477
2248
1803
4432
6841
4999
7347
2250
8876
3444
7160
6298
7411
5505
4870
4989
9562
7724
7750
5470
7620
9649
9575
3463
3521
5945
6045
8989
6815
8038
9975
3643
6637
1777
8074
3477
3128
1772
5726
8355
1568
9237
4653
8978
4741
9522
319
4303
3597
8068
9772
1216
4068
5699
4678
3940
1643
7074
2929
4809
1463
2903
4803
8099
1031
9228
7928
510
7352
5
8865
8919
9242
3517
4248
334
9390
4566
4636
2987
8986
760