751
690
677
207
84
58
980
149
379
606
471
739
821
344
93
596
596
231
19
671
581
773
289
996
604
980
311
917
262
848
143
365
537
171
571
972
228
550
121
606
507
591
696
680
287
140
275
234
370
645
904
303
417
545
298
373
524
609
289
786
456
783
150
344
953
72
316
532
973
436
489
832
378
536
511
664
675
137
250
396
133
153
698
549
49
996
273
573
604
561
710
411
343
211
754
647
282
421
178
606
208
18
789
586
553
299
601
227
787
850
975
919
355
672
820
403
667
92
975
622
653
684
384
347
246
138
346
879
910
875
485
118
893
625
703
445
924
303
24
710
505
998
981
859
21
800
261
40
891
588
661
895
623
45
594
869
534
291
747
443
165
583
560
57
208
614
502
483
269
525
192
773
874
524
631
894
323
243
933
566
830
946
812
453
342
405
321
227
47
419
21
212
2
581
268
209
546
769
691
814
645
234
938
870
758
568
764
432
163
48
349
992
345
161
796
686
917
116
912
964
535
933
175
888
865
442
448
762
563
138
928
559
723
865
429
832
785
544
264
947
943
612
290
288
124
86
973
41
553
237
4
439
521
530
326
737
971
773
850
885
262
777
444
985
642
872
816
426
767
431
724
709
395
13
996
518
98
321
910
651
909
913
89
429
794
767
517
117
539
366
1
153
143
796
137
784
667
304
561
433
87
284
494
481
296
489
350
394
809
260
396
717
524
484
497
318
602
365
434
141
731
786
293
873
582
781
8
600
436
920
385
522
203
878
354
850
718
704
595
527
963
990
595
838
826
444
155
427
808
940
919
538
78
211
762
659
343
121
610
779
40
994
652
594
223
6
444
941
709
38
819
23
28
765
860
205
208
367
631
16
306
550
905
383
112
19
393
807
139
355
585
531
700
236
124
923
593
919
215
301
957
33
323
336
149
535
892
357
901
522
724
206
423
980
941
887
998
685
693
489
39
629
19
739
216
494
13
809
413
227
461
721
611
136
408
111
670
299
467
570
172
542
127
947
522
419
833
871
104
877
359
494
857
377
232
72
223
596
232
987
822
45
707
784
180
466
895
849
764
713
770
287
607
896
233
128
315
65
998
770
941
709
263
149
437
495
573
659
442
804
645
616
848
703
399
379
168
645
579
283
710
348
570
316
244
802
795
910
219
144
679
511
852
941
660
289
787
232
299
229
387
296
844
587
998
594
965
518
591
544
152
300
243
721
967
838
875
761
747
93
904
777
603
108
718
262
396
856
845
46
84
232
341
279
818
339
225
134
208
815
677
359
466
272
80
432
109
306
192
856
398
447
632
1000
554
701
614
301
557
458
347
992
689
687
623
858
377
847
992
936
13
20
295
478
291
726
261
400
31
452
255
428
250
238
779
804
939
392
104
847
202
802
190
890
489
812
100
217
10
91
153
374
110
799
203
753
524
463
152
906
266
758
685
516
995
463
319
285
207
774
483
408
576
673
649
416
836
748
984
198
190
488
571
300
286
774
52
809
236
555
66
502
312
750
17
658
213
687
943
771
812
777
178
739
449
178
506
637
926
490
834
115
977
404
766
615
529
169
775
765
723
841
618
34
590
986
44
154
672
986
924
835
114
101
574
563
279
79
551
556
920
384
22
249
139
788
863
668
308
637
432
31
477
401
416
67
386
459
220
57
796
144
891
910
596
816
824
226
895
374
133
814
109
155
62
247
294
276
266
953
913
49
983
389
449
751
807
834
561
27
242
357
522
485
618
469
300
793
47
546
518
179
712
626
685
773
224
330
49
490
283
313
538
617
701
987
719
508
172
280
886
414
988
759
250
605
579
549
749
977
95
266
508
806
891
192
930
466
874
330
955
508
642
845
124
695
183
843
554
354
474
791
119
461
901
368
417
479
269
165
456
363
782
963
520
672
506
801
489
731
483
796
238
124
640
362
170
822
556
723
527
29
865
646
841
765
365
609
596
633
125
51
347
906
365
866
929
222
19
417
953
501
212
190
976
851
903
146
24
810
220
903
190
85
548
30
849
912
990
796
897
114
846
243
19
562
109
947
136
127
716
88
979
927
629
954
130
532
99
505
341
671
407
531
755
306
912
955
570
902
751
466
367
948
708
386
862
168
684
997
646
399
436
624
678
64
578
159
947
28
15
640
698
422
522
804
79
433
111
648
686
213
113
53
160
173
790
373
340
473
721
338
224
156
961
253
220
538
411
166
918
777
157
615
550
678
419
629
111
881
276
148
93
741
552
604
265
341
977
956
166
697
293
389
853
254
641
424
143
403